13.25575559882688,52.63173805557254,13.16573997485277,52.56701003875947,13.229714155969031,52.5367598236861,13.126102055090218,52.540503409701174,13.184161897878594,52.50804437677245,13.213593870773238,52.50966312934688,13.129504783379403,52.48708334879735,13.252299654509471,52.48607427058005,13.216468323138553,52.433261017045915,13.369124518572493,52.39600933360065,13.461981396452584,52.38037599532745,13.48206878125406,52.355730018004294,13.464177490432713,52.40880245262286,13.495800371465752,52.449104668042814,13.538591119416639,52.44913068056649,13.54450159159284,52.45348352151054,13.579322585065468,52.436827035364715,13.617191243511124,52.45673910574369,13.637609457600213,52.462507063663466,13.602994025042037,52.55665291083068,13.565530150814888,52.649180034708984,13.25575559882688,52.63173805557254
13.336761355959961,52.68578296717524,13.270885454290447,52.59073232382372,13.228524229493598,52.53115642477325,13.169133083528331,52.467482798267945,13.20349763064995,52.40113856707284,13.279154064556241,52.43170574331406,13.381600154078681,52.403964331003536,13.37980879455406,52.39503778170585,13.393638629171498,52.421322060088954,13.447854015034668,52.39684552935767,13.493755278340725,52.44815071032313,13.564997953468502,52.50272082048836,13.64133693702541,52.57206140507511,13.515442604157151,52.65736752175345,13.336761355959961,52.68578296717524
13.344154146808233,52.62140175711733,13.259467302100807,52.58181747070769,13.28086275277043,52.56892273563423,13.257469303670991,52.56172308204589,13.232238996330537,52.495604841350804,13.302819905299273,52.44308352491155,13.37878123328249,52.36795695066062,13.455085640055948,52.42591276750542,13.519730294485175,52.450000612622944,13.580524009979898,52.50485770740897,13.669183519868945,52.578154473432335,13.507000949446995,52.61911003518882,13.516097363258824,52.63678036179599,13.344154146808233,52.62140175711733
13.243370684948363,52.65986667684211,13.187965194248678,52.54785561673326,13.170148554196723,52.53731070596681,13.19705923197728,52.43433256669069,13.223671229578239,52.44249386963138,13.371194174051098,52.414066363854154,13.419346592410536,52.39440779859367,13.457771380487191,52.426459443380196,13.536519695139173,52.47910565901535,13.619903905349492,52.48717735020552,13.565897809467659,52.50613006971798,13.565860292326363,52.56550635870143,13.633423128438704,52.6031606559713,13.507000949446995,52.61911003518882,13.432054525719632,52.65389664263235,13.42822592614259,52.68126661942114,13.243370684948363,52.65986667684211
13.256271544542152,52.620162947122985,13.170095212492699,52.574563768425726,13.223443367922584,52.48180531100762,13.248538185970745,52.46923909808208,13.323949088853725,52.41402121328044,13.324318201816002,52.40408335646627,13.343942630451883,52.381002800104675,13.504597063735304,52.389555114053664,13.663051704177601,52.4529612925742,13.680403216620597,52.48708334879735,13.651755571046191,52.548922236540605,13.518132436375474,52.614536756817955,13.4686097544484,52.61105124303654,13.256271544542152,52.620162947122985
13.255652539237,52.66482023397199,13.151652626803417,52.56975989743093,13.205897010696685,52.5545442652139,13.265302428209724,52.49064572731402,13.314107628534249,52.449104668042814,13.351480239757121,52.38910373527691,13.355232046765293,52.38855574945845,13.382378016504628,52.422042206770286,13.439801911576131,52.368605058756415,13.574673733060841,52.41992999370467,13.552162116692953,52.51207756726529,13.65525926100711,52.57510875572008,13.487741537904785,52.594535298705324,13.255652539237,52.66482023397199
13.21289294260944,52.64481913238468,13.218232757767973,52.608448749364705,13.14242641242215,52.58095162975133,13.138944023663809,52.52253399462637,13.2329967263703,52.43498799181557,13.357523273269571,52.42539469562276,13.39570356612419,52.35822736092323,13.508313737454555,52.390633091127455,13.553265666328706,52.38571123087253,13.503928894682081,52.43049708524858,13.607229819299235,52.46496635673797,13.59706930011631,52.521891871564605,13.544791837048283,52.54920369123326,13.505520900392535,52.63008348421553,13.419155362554822,52.61855508741577,13.21289294260944,52.64481913238468
13.322883226208923,52.664533990542466,13.26690889487321,52.587842169586175,13.216639472500095,52.59134293852469,13.183304846068419,52.51744567161517,13.176730697079082,52.4825455177558,13.232464725804357,52.46863074554359,13.332978127500848,52.42139659048644,13.401866284119828,52.41210480356003,13.526395270550129,52.386228754264856,13.487461021361975,52.44542113532135,13.511432940216025,52.44529922953452,13.636938718053342,52.49232432413264,13.627161347623318,52.59157421532372,13.561409358052982,52.60250513626467,13.519928894269809,52.64580172843298,13.322883226208923,52.664533990542466
13.229979804251247,52.62985427854305,13.28395371740558,52.58613937662786,13.209264006275777,52.61605935835905,13.183370507678095,52.52450800064071,13.187739356959405,52.44336556588856,13.286693434972712,52.36508608689756,13.324322766397792,52.38476579605791,13.4509835077922,52.36057944584015,13.501350647041594,52.42945963126187,13.51634815949801,52.46095384926735,13.59408329306919,52.49955469189809,13.592277388590999,52.546158641017826,13.532433981167644,52.63044082837345,13.481208898713732,52.59706943915351,13.447123699044191,52.6155540958677,13.229979804251247,52.62985427854305
13.35188685003446,52.60395405635304,13.233137923853057,52.59028796027372,13.208926317784183,52.58317615008339,13.220350836943592,52.57702323391809,13.146070648585638,52.586489588559786,13.200677800912604,52.50013521186716,13.273368873425023,52.44772230875142,13.20349763064995,52.40113856707284,13.37724727222807,52.35901265061358,13.541540655737558,52.38117175400761,13.542662408716003,52.467504550544845,13.596853053742128,52.525970531966344,13.596635154020648,52.604429691680345,13.524668247856837,52.57280746520545,13.59024813234656,52.63630783856542,13.35188685003446,52.60395405635304
13.314539073033929,52.62319961757682,13.163469521179588,52.58817412895457,13.232968367292756,52.49377442777023,13.280713320627513,52.41938961262115,13.303083152661797,52.38029605978321,13.355944961485212,52.379249769386675,13.375713932026803,52.35006833071421,13.5081558143169,52.41092508038648,13.517706595326587,52.44879239816711,13.611030386678097,52.508854665708974,13.650192363444223,52.58300459359869,13.552191214370215,52.58026306066745,13.485588458588392,52.59540309589532,13.314539073033929,52.62319961757682
13.25341781039026,52.61856873885548,13.247120790788435,52.543834287703724,13.223443367922584,52.48180531100762,13.251290862348398,52.422869650554986,13.404954000000002,52.41208840728974,13.54689704484548,52.40500509438103,13.569367904812456,52.429628361388076,13.630435794581286,52.45277226614444,13.596853053742128,52.525970531966344,13.643589195623102,52.61031532191886,13.573512164828742,52.633502979165506,13.42822592614259,52.68126661942114,13.25341781039026,52.61856873885548
13.310999884270373,52.642229212194565,13.234789728215764,52.60659609544738,13.234352881380266,52.54963081886119,13.229714155969031,52.5367598236861,13.18404369188757,52.531558557965745,13.146856295822401,52.4529612925742,13.237837321291494,52.44588403919983,13.250689082866083,52.399431732686296,13.381880090027527,52.431179806415614,13.438230915546528,52.4048666682577,13.444199150112066,52.42401362832015,13.549708121307829,52.44321753216812,13.617637549416468,52.438799572767245,13.608624390816624,52.497968953804644,13.552411821171678,52.52618873548147,13.60406708187103,52.640664423934616,13.450966432994644,52.62423945153192,13.310999884270373,52.642229212194565
13.294836683105018,52.67724373239479,13.24161411206516,52.59740960739247,13.234352881380266,52.54963081886119,13.194309488161633,52.47813403438888,13.277850961303788,52.420724287327744,13.277907087294198,52.36769152575299,13.383131295763055,52.367702086980856,13.452979070108409,52.434964737634566,13.519666002006202,52.46335535059828,13.592787121874911,52.495550931405596,13.680812351907347,52.55229026823324,13.500105277114782,52.58886092872132,13.294836683105018,52.67724373239479
13.38686843845953,52.64543154306551,13.264179151450657,52.599657275349266,13.24161411206516,52.59740960739247,13.193909369437684,52.56150530711571,13.243306232643707,52.50955635328197,13.196810306897591,52.4054889714693,13.254164101186179,52.39781184426958,13.3589244922078,52.36057944584015,13.435621340104307,52.43203610344184,13.545491797255233,52.38264332812386,13.607229819299235,52.46496635673797,13.661084485208141,52.45023066677298,13.59665719748383,52.52800751850719,13.637968334574541,52.5447647988365,13.505224124404778,52.59791895454165,13.38686843845953,52.64543154306551
13.354607181811815,52.61407996120663,13.171859174618957,52.598258333857174,13.217120878125089,52.495550931405596,13.234583747996638,52.490138226144886,13.238127273285627,52.41814288016751,13.362967342476399,52.42444498231817,13.432660727771932,52.35901265061358,13.518742356787731,52.43728191909018,13.559888690012055,52.467585778467345,13.624397523232675,52.50102980289417,13.681687662462497,52.54935592601262,13.520830662497525,52.61332043761368,13.532433981167644,52.63044082837345,13.4686589906323,52.62074061616798,13.354607181811815,52.61407996120663
13.340044611428086,52.60081976284983,13.224240999021356,52.559855681307056,13.23375003256252,52.49195203800696,13.275932934931255,52.388888943756776,13.295622351707557,52.362668803681565,13.432631531979366,52.413413829949796,13.535735921854757,52.43443092969994,13.661677818588842,52.47783198202792,13.548652451173055,52.56636271208319,13.538301148185646,52.57667341423313,13.5523908657575,52.5950649887888,13.456930136390918,52.62319870117594,13.340044611428086,52.60081976284983
13.229979804251247,52.62985427854305,13.232763835604695,52.545989991423404,13.252299654509471,52.48607427058005,13.193560502793504,52.40771677674581,13.376228248586576,52.377184601935895,13.391081832888544,52.358350145658804,13.446420174110616,52.36011482971681,13.438713825948904,52.414066363854154,13.485585233602208,52.38476579605791,13.473521984032645,52.4303303165878,13.592579840258297,52.40539339386922,13.598299587383785,52.437316488204274,13.566274337692203,52.50784134243946,13.58227542400784,52.51799106017257,13.59914193890924,52.585248254699984,13.483928307784671,52.60650284402182,13.229979804251247,52.62985427854305
13.250610547390036,52.616944469877225,13.15815242895381,52.548922236540605,13.273388304860827,52.47910565901535,13.28170257401885,52.43038324133783,13.289522381278926,52.415570749298006,13.404954000000002,52.40309519123056,13.446420174110616,52.36011482971681,13.430567063885762,52.43143834211511,13.481127719516644,52.43263658712371,13.515648717213633,52.447605857508,13.512895146413289,52.458624261974634,13.584157259655491,52.477974127804764,13.570676079835584,52.558565917956955,13.595634115570437,52.56904893883107,13.593399996393536,52.64683968343358,13.435902206890123,52.653588394365755,13.250610547390036,52.616944469877225
13.295038154963366,52.626729706477064,13.223729889303181,52.58090872942045,13.156265719278094,52.49846885377293,13.23843367974388,52.482979742221154,13.28402785279506,52.46836235382481,13.260804397844607,52.373454081417925,13.31152135729609,52.39771080607613,13.457015724774632,52.37045177136642,13.584921685588258,52.38897533270809,13.642250524004847,52.46999512143604,13.626061405659664,52.51039092914337,13.543934892272572,52.550684262633034,13.557843656613837,52.55374303240962,13.536764459394904,52.56076218963277,13.526858703729427,52.621803800463496,13.496259496461887,52.67208742613116,13.295038154963366,52.626729706477064
13.233161454525206,52.63169566386176,13.24732490321753,52.58696028563292,13.169109568875186,52.509735209738835,13.258975300903431,52.47655110146004,13.287063374832922,52.46582585163756,13.321870377494761,52.42469139987365,13.435677324485015,52.41372394792224,13.465285053046959,52.399588054453424,13.47124194766056,52.419928073281994,13.491333276434386,52.395801001987095,13.502619465928,52.440961429214376,13.5892684782248,52.40341833416925,13.581847699152696,52.51234710366805,13.54209400255667,52.55361697748642,13.529675421845727,52.58352953429031,13.423538213742308,52.627332950877296,13.233161454525206,52.63169566386176
13.25575559882688,52.63173805557254,13.223421537291433,52.6123600170542,13.157367572592353,52.54629696390965,13.131577408707013,52.481254220069054,13.304307391390845,52.4541920448101,13.31929972424471,52.37631140416101,13.353221486879184,52.4167926379102,13.421909937212437,52.42162233323411,13.564088843092096,52.426191913519894,13.625363599052541,52.50570152985,13.596635154020648,52.604429691680345,13.494046104870598,52.59179661384436,13.25575559882688,52.63173805557254
13.243291151347572,52.62513263318689,13.216252589898764,52.54216483772687,13.199652777138338,52.5044853787678,13.287063374832922,52.46582585163756,13.22742831783959,52.399575190854755,13.365152715251961,52.41484766564885,13.51876725742951,52.363853738341696,13.522129642354026,52.40554882579951,13.598299587383785,52.437316488204274,13.685557726809469,52.51371185382127,13.550557190078617,52.5355342462217,13.545728848549343,52.599657275349266,13.502341573624589,52.63113465433624,13.243291151347572,52.62513263318689
13.295038154963366,52.626729706477064,13.234789728215764,52.60659609544738,13.205897010696685,52.5545442652139,13.150818624894969,52.472406097722356,13.333428630794502,52.44132897144877,13.378018159564746,52.38611120534341,13.557399254254864,52.37660424847882,13.543740420116979,52.48916717783981,13.684603520092125,52.5047849704592,13.553896696206156,52.57869029877725,13.54219783835234,52.648147690287296,13.519376239863652,52.656173209087115,13.477341247607026,52.64753376393594,13.423002607827438,52.60926744947552,13.295038154963366,52.626729706477064
13.283778854552578,52.664179544989985,13.23206181560912,52.57113192225401,13.12579291385832,52.50181760713592,13.2282758170629,52.474194270526084,13.219335240890365,52.44639077126158,13.348921378488662,52.408190424150675,13.502813767832338,52.37923545853724,13.584921685588258,52.38897533270809,13.564997953468502,52.50272082048836,13.6094134414794,52.5395267935456,13.521526355218567,52.60139701859875,13.283778854552578,52.664179544989985
13.271229125023956,52.60403107953931,13.206763386923361,52.6281592598461,13.15311218923574,52.57244228141457,13.183281089246345,52.52215424293149,13.18674356086232,52.49638143348655,13.270341424108596,52.464612196666046,13.275290282488127,52.46040129871242,13.25019491103175,52.411309614969504,13.376785292490522,52.42258117255464,13.39570356612419,52.35822736092323,13.483138762999832,52.4437144077883,13.576911273629701,52.43498799181557,13.58227542400784,52.51799106017257,13.538301148185646,52.57667341423313,13.541560313739238,52.66937581526715,13.271229125023956,52.60403107953931
13.240296697101513,52.62339982215579,13.2157068037636,52.571066411105164,13.139116854443683,52.51405972019281,13.259929287974112,52.50275848028644,13.276643644709274,52.433055108961646,13.358537622686576,52.397319813773834,13.450909135555055,52.388047688735874,13.53795714537978,52.46319111510613,13.57438816262618,52.46499913761497,13.581908331761094,52.52740309056305,13.579928195748755,52.62985427854305,13.553636455457848,52.620162947122985,13.240296697101513,52.62339982215579
13.279325930948351,52.596250556781186,13.214895855448178,52.62015643610111,13.198080633560247,52.517629307837694,13.258938416218246,52.43088871503959,13.395694586697791,52.41223594397635,13.476479369205498,52.44132897144877,13.56602809593887,52.402780983637605,13.514638289840732,52.45977988760713,13.651276115452236,52.4591105167702,13.682478510041607,52.5464127363392,13.606696105336106,52.548158053060654,13.498113860693291,52.58986089114979,13.55006796022828,52.66638362640112,13.279325930948351,52.596250556781186
13.304717615127744,52.65037471105961,13.200676175386912,52.623884594255955,13.199110603531516,52.53298915379051,13.187739356959405,52.44336556588856,13.192270450583532,52.438799572767245,13.269680300027431,52.40206074341366,13.387998062787565,52.42162233323411,13.482260680781442,52.40324465665807,13.574673733060841,52.41992999370467,13.532818973007366,52.47497196871134,13.625505128953897,52.53390278422283,13.613498095919901,52.56596180661466,13.568124537030338,52.581848754413286,13.556490189609741,52.61856873885548,13.542406172839666,52.65868402277058,13.304717615127744,52.65037471105961
13.216347909078365,52.63432237071485,13.206763386923361,52.6281592598461,13.248177003534458,52.570568233784215,13.215262817642625,52.50156628648011,13.314107628534249,52.449104668042814,13.348076891980323,52.398965660300206,13.392618166616495,52.37631209837591,13.519272060222123,52.39410150006734,13.49803248681193,52.43893551417981,13.517646156699962,52.42536975331195,13.59231378428417,52.39287675684623,13.631618838820483,52.41935459098185,13.583986046626444,52.44058054278447,13.640798431124816,52.509735209738835,13.561730996465542,52.570568233784215,13.534348465598057,52.563536480564444,13.492628186085724,52.6340833812218,13.216347909078365,52.63432237071485
13.335441852326364,52.59939205322565,13.277156474430713,52.59490482659129,13.270885454290447,52.59073232382372,13.24240872846057,52.51816917623056,13.256409303809455,52.46113724073915,13.291883766020952,52.46214579080804,13.350275552792079,52.41735769722859,13.508550783740215,52.370952269941505,13.549400528788622,52.38415663931227,13.663051704177601,52.4529612925742,13.611869227270478,52.51982658776454,13.670859523187653,52.52535854228352,13.582217194558709,52.523640904584035,13.58019384403097,52.5367598236861,13.58955716305641,52.57702323391809,13.554093575096697,52.6073744022164,13.442067001369583,52.662121125396695,13.444394574098204,52.67100287222575,13.335441852326364,52.59939205322565
13.283788267095062,52.6108027787393,13.230217847388218,52.538618250295904,13.277089026992634,52.47497196871134,13.283613265916047,52.41808553661463,13.394155750610237,52.39427403115816,13.463094093560938,52.427637936645155,13.529919722054954,52.39791417164416,13.538591119416639,52.44913068056649,13.6199356627035,52.44107053898782,13.565998714419425,52.53366549071175,13.58449938598698,52.56176870889752,13.629177381695046,52.5892036012766,13.629747951987005,52.62262726255784,13.48995916848935,52.654310873881535,13.283788267095062,52.6108027787393
13.329696033815459,52.627601068170364,13.233552683128668,52.57296017413625,13.17193966542546,52.5447647988365,13.15981130089216,52.43691342829459,13.278787043886236,52.45768409023775,13.35997692586575,52.37875068802518,13.431889840435254,52.38611120534341,13.49094234130935,52.43608231762532,13.595925523395593,52.39488575351293,13.615598511838368,52.47813403438888,13.655535016231033,52.50907765988258,13.612152052339349,52.56816946035112,13.659876276308882,52.591946771335856,13.488849139240784,52.60477298534368,13.488398808095509,52.61526417162812,13.329696033815459,52.627601068170364
13.229932973032232,52.64204900204475,13.250226933655977,52.55047579715684,13.164922805548882,52.475064866782596,13.244063784233173,52.41466216182861,13.380315815640651,52.3769012308409,13.461283168969166,52.37102734440089,13.52341231780675,52.439748639075056,13.555811117903684,52.42125260066512,13.564474910864513,52.501023881356026,13.655603093460757,52.597316497980884,13.50433283893772,52.60943401961787,13.462345015472984,52.659610421937906,13.229932973032232,52.64204900204475
13.338363411161755,52.6200487254853,13.289946063465491,52.57654746423743,13.26147633531995,52.54167684740495,13.228972621229152,52.50672449946483,13.258637237238924,52.507400628783316,13.268772842980972,52.46605015393981,13.290635939777877,52.39410150006734,13.402379853225858,52.43008850854388,13.414213413302209,52.41223594397635,13.482260680781442,52.40324465665807,13.564189179454376,52.472591664215855,13.61892475584322,52.484899717212556,13.597089640639776,52.51985144041783,13.638266436929547,52.6153279300471,13.473662416493815,52.64828300482979,13.338363411161755,52.6200487254853
13.304005582041297,52.58573632858173,13.247825635587347,52.54550678283257,13.160331157262855,52.48536311329817,13.232968367292756,52.49377442777023,13.274172078145243,52.43443092969994,13.300631675769242,52.444179841324576,13.35859172979894,52.40655889530112,13.437257403430534,52.35933131406409,13.434931952326579,52.40453077470898,13.517011023466038,52.37324275424854,13.54577502034102,52.42784219010762,13.582181786594504,52.41176859320966,13.580059216635195,52.50299556790055,13.655535016231033,52.50907765988258,13.587836309164429,52.55599389224473,13.511899551564388,52.60614650102742,13.474409763724854,52.61932629727868,13.41735616218714,52.62766206157229,13.304005582041297,52.58573632858173
13.280667032389518,52.631777750987474,13.268797388854225,52.55506822564914,13.134729482315578,52.56679802212214,13.17193966542546,52.5447647988365,13.170674188675086,52.53980161806972,13.153883668878645,52.51440574875369,13.223443367922584,52.48180531100762,13.202596967514665,52.44572463612274,13.26167666512008,52.45648743856517,13.20349763064995,52.40113856707284,13.224986314411742,52.38897533270809,13.344951726880863,52.437834689367676,13.337274118392909,52.35419213663781,13.394925012027903,52.403254990064596,13.401353133661809,52.39412109635291,13.414982987972099,52.403254990064596,13.457015724774632,52.37045177136642,13.53020407243826,52.387538724091364,13.631618838820483,52.41935459098185,13.605148479519649,52.443587026821575,13.634222463779803,52.48497486681031,13.541110611145776,52.55506822564914,13.505902417958703,52.58573632858173,13.280667032389518,52.631777750987474
13.300498934576655,52.60726907220633,13.234789728215764,52.60659609544738,13.159012610719746,52.551538773844186,13.240663451085592,52.4794661614611,13.320927999346429,52.41489755379075,13.426776704236945,52.367702086980856,13.469581808871652,52.390985528927686,13.52321456502729,52.36508608689756,13.495426942730509,52.4068097500149,13.60561750547691,52.46282668802993,13.566677879379448,52.530237326461204,13.562787209211569,52.543834287703724,13.483410690389956,52.59624789560194,13.454278067697079,52.660743858086,13.300498934576655,52.60726907220633
13.304683875595222,52.59791895454165,13.24937893861689,52.54882804433796,13.219492912716333,52.48960297766689,13.304307391390845,52.4541920448101,13.289568834984061,52.426580879975404,13.32783921874594,52.355730018004294,13.509771090948488,52.36153164003047,13.519666002006202,52.46335535059828,13.622351761147602,52.46358476879273,13.589511310069655,52.48763812333995,13.637228854178371,52.54723555339802,13.6643840952575,52.55613818024646,13.601916585377774,52.55875043489552,13.551221173665406,52.563282950641124,13.597242780439817,52.58730050525944,13.477341247607026,52.64753376393594,13.42044956542572,52.62751392007665,13.304683875595222,52.59791895454165
13.21289294260944,52.64481913238468,13.20063757877427,52.572540202867245,13.153700121835962,52.51974098430973,13.209265934281117,52.4393823158921,13.234431631575044,52.39587853465986,13.35997692586575,52.37875068802518,13.517378242110848,52.41436079864823,13.565526553993097,52.47428989293413,13.61132394103966,52.511044817998204,13.561329573711749,52.54717153771351,13.516097363258824,52.63678036179599,13.481431215501486,52.6073283167559,13.410122618903921,52.60988426396329,13.21289294260944,52.64481913238468
13.281199037801677,52.609502210814654,13.26687247598748,52.552155507755785,13.262117566891662,52.54319722029111,13.202680851380425,52.49365738280198,13.255433106587935,52.481259502104045,13.26949803611107,52.42490781996539,13.402123016303507,52.421096656330064,13.430330184750108,52.42229684052946,13.563169092193352,52.438971172439096,13.580162196398454,52.45315798716134,13.58019384403097,52.5367598236861,13.511795458833426,52.594618893640195,13.561792766532903,52.65086555775259,13.281199037801677,52.609502210814654
13.343924243839789,52.61171334334428,13.275026145865066,52.59353626390055,13.271995757874475,52.55935622593412,13.25408845392985,52.55696925414768,13.199233891976087,52.506667964124624,13.155167359669765,52.503763205328205,13.147052723241668,52.48056471557302,13.271120347357401,52.48192449777305,13.241640948673803,52.39233283201428,13.305634833894397,52.369874754097985,13.401096715234313,52.38512924191665,13.52341231780675,52.439748639075056,13.615275009389919,52.43655335520828,13.550557190078617,52.5355342462217,13.545606101081178,52.54771424547281,13.625077296178699,52.59392305742088,13.57004490419314,52.61015688271996,13.50433283893772,52.60943401961787,13.44418701273865,52.689208733306145,13.343924243839789,52.61171334334428
13.309802722885221,52.58886092872132,13.229263904920867,52.53489633151624,13.12579291385832,52.50181760713592,13.141022073134973,52.49998540302371,13.273368873425023,52.44772230875142,13.305310936264698,52.389555114053664,13.46458481062574,52.362263003790126,13.478721743009606,52.442100501185756,13.63721753341122,52.44129939281017,13.59408329306919,52.49955469189809,13.628783694885202,52.56664254332778,13.507446176402988,52.59684225417562,13.570533537929363,52.65812939084116,13.541560313739238,52.66937581526715,13.309802722885221,52.58886092872132
13.264072187976636,52.66790230926274,13.180160048012995,52.62262726255784,13.242799075704804,52.512995500288405,13.187253569201985,52.41227422675629,13.308036478820503,52.398721595716864,13.394155750610237,52.39427403115816,13.437758653089064,52.3775113382916,13.540602601658307,52.45056063003704,13.556111515363336,52.44793249574265,13.632062801619794,52.48012763677689,13.611554672368982,52.5132377543199,13.615998630562318,52.56150530711571,13.544924316272748,52.586365863774205,13.518132436375474,52.614536756817955,13.540955513053731,52.637798208132494,13.487741537904785,52.594535298705324,13.422541752165968,52.67251795380278,13.264072187976636,52.66790230926274
13.283049296270574,52.621803800463496,13.156261820325133,52.57775850514273,13.200494558520601,52.5395267935456,13.199509321151869,52.53517315570239,13.170465713847952,52.44377791367161,13.31496296482067,52.416745810015264,13.323421542169642,52.375423615959406,13.383131295763055,52.367702086980856,13.536337297735795,52.36906383066494,13.61309769310241,52.4054889714693,13.62630940292536,52.51274047272036,13.625981411565608,52.57136742002145,13.546806697571023,52.58486933908917,13.49671583627729,52.681533427343666,13.42563168074193,52.66334910954135,13.283049296270574,52.621803800463496
13.331650695675526,52.656833321924125,13.233137923853057,52.59028796027372,13.242769068976985,52.56379069391671,13.162042502193511,52.559328001365344,13.275816107412954,52.47633669446301,13.28113914188843,52.47096177796721,13.347926603547418,52.38037599532745,13.446420174110616,52.36011482971681,13.501767970821648,52.452094791534215,13.533264355290726,52.433055108961646,13.539566575891406,52.464612196666046,13.663051704177601,52.4529612925742,13.595595674207425,52.505605844852475,13.548645677476642,52.583353053433406,13.502407947257229,52.64121280451752,13.4686589906323,52.62074061616798,13.331650695675526,52.656833321924125
13.34355536638329,52.65897962954781,13.194839615103959,52.619483285532034,13.159715636555777,52.58300459359869,13.156658267616304,52.543663757124804,13.247104542611659,52.47090789553119,13.324322766397792,52.38476579605791,13.449669458477313,52.42490538453076,13.49803248681193,52.43893551417981,13.569919590959325,52.444120631054105,13.625463162659633,52.46823582386309,13.665699354772832,52.58373028479301,13.565860292326363,52.56550635870143,13.549958964970719,52.564829651505825,13.612108334045518,52.58958636420096,13.553636455457848,52.620162947122985,13.34355536638329,52.65897962954781
13.33124876019419,52.66618850963304,13.24849864194702,52.60250513626467,13.245375512199004,52.56720818290743,13.257174441462348,52.521484509553225,13.159368239579992,52.48796619258943,13.226016365268197,52.4569194098256,13.320323030369476,52.446308664798934,13.327647319218558,52.40324465665807,13.391081832888544,52.358350145658804,13.433679751413425,52.377184601935895,13.462163423338026,52.389691480753214,13.553394805254927,52.40808929446086,13.613428160538225,52.45227068559422,13.566677879379448,52.530237326461204,13.653351046287503,52.59996650610365,13.593560090921637,52.63432237071485,13.526009804770485,52.63308056025705,13.33124876019419,52.66618850963304
13.35001947274885,52.62263098815075,13.223778557144952,52.626071568738475,13.14242641242215,52.58095162975133,13.19877464262253,52.53080125064957,13.13530824683753,52.472601890268926,13.297012853586711,52.458624261974634,13.303430822812802,52.43156176190095,13.333155643781854,52.411586493002886,13.376785292490522,52.42258117255464,13.451316270201062,52.40655889530112,13.595898546003415,52.43527584923759,13.626490007620731,52.515092292236,13.589109073774074,52.61041815976856,13.513525640594107,52.667840272755626,13.509255925662066,52.668970665644466,13.35001947274885,52.62263098815075
13.318737690197747,52.66364035886463,13.253300370367153,52.59188831052929,13.165457600854095,52.59072820842345,13.169312233685384,52.5323140365957,13.198584058960343,52.511044817998204,13.224184287598012,52.42737742207182,13.26632468082126,52.40351521129808,13.326769237000168,52.4437144077883,13.378018159564746,52.38611120534341,13.396728043293905,52.37620291195517,13.476479369205498,52.44132897144877,13.564189179454376,52.472591664215855,13.6529795445391,52.49583123096916,13.582044212492255,52.51422681277883,13.615998630562318,52.56150530711571,13.52093543243381,52.62433042100247,13.318737690197747,52.66364035886463
13.360855440383798,52.688766229017084,13.28395371740558,52.58613937662786,13.213054946257872,52.525970531966344,13.187491282181385,52.426958044905874,13.264858174211847,52.39317696542762,13.288716910706372,52.37445503199675,13.32783921874594,52.355730018004294,13.455532971942294,52.36109245237307,13.45238472673043,52.42539469562276,13.522857249626846,52.39533463186734,13.501767970821648,52.452094791534215,13.558560461308673,52.487700563227385,13.566362900128478,52.53195321181499,13.66711353705736,52.54782733970963,13.52349336573062,52.61207565105919,13.360855440383798,52.688766229017084
13.291835546635141,52.59111411131293,13.257469303670991,52.56172308204589,13.257236691346735,52.5230536442277,13.277089026992634,52.47497196871134,13.284214178779488,52.44101881898562,13.362053984965332,52.39684552935767,13.375713932026803,52.35006833071421,13.473876890128416,52.38238284768259,13.61122306002217,52.417954322481066,13.52588014720494,52.46836235382481,13.6250787049792,52.53624283883986,13.607735695664058,52.57470195570858,13.625961539440743,52.61032248437938,13.47020300530125,52.6676643624485,13.291835546635141,52.59111411131293
13.309286472779387,52.671094569154775,13.234460220303667,52.619840140139424,13.206537660339846,52.613966593434036,13.256011303793844,52.57869029877725,13.227617371564357,52.52175792486881,13.209265934281117,52.4393823158921,13.31849722595618,52.35746733087429,13.514753593008633,52.38254423647728,13.509311173554721,52.45636941532481,13.659039618430722,52.44752134559668,13.574682366396026,52.55143802119708,13.646438478820414,52.58817412895457,13.659876276308882,52.591946771335856,13.582211902983232,52.65266671030912,13.503442736096149,52.66069731438901,13.433247915344207,52.617426110531774,13.309286472779387,52.671094569154775
13.339074781348705,52.6298499123535,13.203872142689455,52.61184519701152,13.249269281421421,52.58862403105483,13.24675208251399,52.568895646502874,13.258637237238924,52.507400628783316,13.222372225124058,52.4837386975057,13.29635071333553,52.44644135031101,13.31929972424471,52.37631140416101,13.394155750610237,52.39427403115816,13.439801911576131,52.368605058756415,13.577312275207769,52.385233240778845,13.613428160538225,52.45227068559422,13.654440900168197,52.53837675692476,13.665699354772832,52.58373028479301,13.537549330410533,52.63922450002885,13.496035777613933,52.60198494892586,13.339074781348705,52.6298499123535
13.317518666873836,52.62414403116465,13.201268261520275,52.609695819400365,13.139233955250646,52.52818155038722,13.139116854443683,52.51405972019281,13.175685536220197,52.48497486681031,13.190193058493184,52.424662872819056,13.258020668857187,52.44476643808776,13.253920671486336,52.43404370591277,13.260804397844607,52.373454081417925,13.371194174051098,52.414066363854154,13.448715047124137,52.351231507186235,13.461981396452584,52.38037599532745,13.511432940216025,52.44529922953452,13.587535774875944,52.4837386975057,13.677682274282809,52.561031267569405,13.538301148185646,52.57667341423313,13.477908341971887,52.68503345370454,13.41892863299718,52.68166222055774,13.317518666873836,52.62414403116465
13.322545145588167,52.6833833189829,13.264179151450657,52.599657275349266,13.212665219560185,52.58730050525944,13.214273884429565,52.56904893883107,13.185510476767327,52.50102980289417,13.160331157262855,52.48536311329817,13.230903686336886,52.397708268476826,13.298427238989687,52.433771485635745,13.2723596993182,52.3797423610233,13.342022857297232,52.35349857121216,13.37400129337138,52.422895116809215,13.470504556942998,52.410127693233,13.55006301462881,52.41810911037207,13.548231334879924,52.45648743856517,13.636938718053342,52.49232432413264,13.628517495324568,52.607961745462006,13.474441812786782,52.666948888019554,13.322545145588167,52.6833833189829
13.256853101114865,52.64360108178819,13.23206181560912,52.57113192225401,13.186999102006604,52.57602990030533,13.26087887289665,52.54014989687668,13.201951363402321,52.49580945853111,13.23551983737382,52.46499913761497,13.341187229076748,52.40024703380961,13.45238472673043,52.42539469562276,13.5064771771872,52.43156176190095,13.60941225783849,52.44788488664384,13.548896500215063,52.499689324443,13.59514936318576,52.50358354204362,13.559681066344023,52.55047579715684,13.566616848652428,52.62513263318689,13.448095208476088,52.6431528729778,13.256853101114865,52.64360108178819
13.300075082691691,52.61801122560241,13.214623220383599,52.58933227379619,13.199652777138338,52.5044853787678,13.288635037413146,52.46458216163191,13.274967545572375,52.410800689151934,13.394925012027903,52.403254990064596,13.509365816795464,52.421910485820355,13.49803248681193,52.43893551417981,13.535325592762542,52.477714730741546,13.596090276594307,52.53207370059522,13.541070801728546,52.602598177481106,13.48823980119334,52.64505330842461,13.472502307458477,52.63903335479935,13.47865923980581,52.66618850963304,13.300075082691691,52.61801122560241
13.250610547390036,52.616944469877225,13.1565569537125,52.59996650610365,13.165457600854095,52.59072820842345,13.17509657326541,52.58196841464013,13.228972621229152,52.50672449946483,13.152228795497953,52.46971459464353,13.221475434533144,52.4444308081013,13.309259407385722,52.359401981988675,13.414982987972099,52.403254990064596,13.45842776024288,52.38910373527691,13.49094234130935,52.43608231762532,13.599788744096001,52.42363331557277,13.634471032341615,52.4217769840699,13.634222463779803,52.48497486681031,13.560529061383113,52.54882804433796,13.541110611145776,52.55506822564914,13.46753183321276,52.6014967406807,13.487362854411835,52.6833833189829,13.250610547390036,52.616944469877225
13.273662020066896,52.60543836107893,13.216252589898764,52.54216483772687,13.224569656115488,52.479883593172445,13.324611685500743,52.42382358201551,13.358998864444949,52.388047688735874,13.413692299507984,52.36721513754643,13.467300068552236,52.43848437873844,13.531794302150951,52.409436898719306,13.619714941506817,52.424662872819056,13.578969965242944,52.49928751125262,13.626490007620731,52.515092292236,13.596635154020648,52.604429691680345,13.591675242232027,52.608448749364705,13.54764156297468,52.63483821461794,13.273662020066896,52.60543836107893
13.29598663755452,52.59347291424227,13.24964984525244,52.57222543353536,13.226631075995519,52.56366904485838,13.197755947660651,52.56816946035112,13.156917727482687,52.46173563176988,13.28735818757464,52.38495942970564,13.352136619512809,52.426459443380196,13.428056980246446,52.385845491139946,13.46788514270277,52.35349857121216,13.564005169300078,52.454524019473396,13.653883283166772,52.541023419636275,13.572607276912128,52.608389959228674,13.427630889719904,52.61796747863557,13.29598663755452,52.59347291424227
13.268347686260762,52.66937581526715,13.259949035029281,52.564829651505825,13.170148554196723,52.53731070596681,13.14047981174894,52.50279131536879,13.192959828193125,52.42239673940082,13.2902419979938,52.46335535059828,13.226866774338733,52.42547183680974,13.362779555144929,52.387579706488275,13.374976047673421,52.40453077470898,13.400072085084293,52.349161818629725,13.45238472673043,52.42539469562276,13.550167871231565,52.40652994239559,13.59265669528456,52.448373165124096,13.652540427407649,52.54629696390965,13.648619419246474,52.605192754441845,13.48463105859592,52.64591866760263,13.268347686260762,52.66937581526715
13.388404217264291,52.66354679347094,13.28782294374888,52.58866860086374,13.17509657326541,52.58196841464013,13.169694527124852,52.53481459175612,13.215824706930812,52.49955469189809,13.211343348588406,52.45444888894838,13.301752185683101,52.41092508038648,13.291239138154245,52.38373113353952,13.380330630313509,52.41313610371949,13.473564774941538,52.36362507310299,13.5286098034627,52.4081067249869,13.558360540233448,52.465948438530525,13.575324252003364,52.490138226144886,13.59514936318576,52.50358354204362,13.646438478820414,52.58817412895457,13.512632723377088,52.61688251042798,13.388404217264291,52.66354679347094
13.354607181811815,52.61407996120663,13.24161411206516,52.59740960739247,13.242748127413252,52.526796829524244,13.233966333928391,52.46680683004373,13.262785320357784,52.416583620977455,13.380573813844316,52.34978359854078,13.390561407589464,52.39440779859367,13.443885957873885,52.35079239405105,13.493332731357677,52.43700823463952,13.553265666328706,52.38571123087253,13.518742356787731,52.43728191909018,13.65244558713621,52.439529388019565,13.596596834691182,52.47268725142043,13.564052237589824,52.54046812009892,13.557170503109456,52.57549164896567,13.532884525598334,52.6721854969584,13.433833114562887,52.64468321944151,13.354607181811815,52.61407996120663
13.283788267095062,52.6108027787393,13.17634344232112,52.55702877093579,13.139336417555917,52.511237619336306,13.198584058960343,52.511044817998204,13.214312325792575,52.505605844852475,13.174710044886647,52.487414945780195,13.256409303809455,52.46113724073915,13.294259282786367,52.447605857508,13.238011081443885,52.39408654209683,13.347313697414151,52.43720998836272,13.457980216812585,52.379791592978904,13.522549812425362,52.38495942970564,13.63721753341122,52.44129939281017,13.560324352621002,52.490982242711,13.58955716305641,52.57702323391809,13.60057111387791,52.64276050174901,13.283788267095062,52.6108027787393
13.32726043500885,52.68423348882634,13.246154926917121,52.60083108585451,13.218232757767973,52.608448749364705,13.220125742587843,52.55208839480884,13.190931484938682,52.45900260890025,13.205963693655903,52.46070446582897,13.240547811788318,52.40450933419278,13.374439061095877,52.368257971502906,13.43312270750948,52.42258117255464,13.622654430798015,52.41227422675629,13.65422937673416,52.50111311333816,13.565585427532634,52.5353736411239,13.571570196074928,52.57834604868761,13.479304993219655,52.637526222448,13.32726043500885,52.68423348882634
13.240296697101513,52.62339982215579,13.198501531456161,52.52861011326608,13.23843367974388,52.482979742221154,13.252821961343807,52.387306633597774,13.359370932217136,52.434467663331745,13.52321456502729,52.36508608689756,13.515507830751925,52.40313008406213,13.565468117508669,52.44066367394549,13.66942818825106,52.50279131536879,13.67647187280831,52.56392129244171,13.51996193653451,52.57654746423743,13.526128426834704,52.59887187856094,13.240296697101513,52.62339982215579
13.322455525561294,52.6739334226679,13.218232757767973,52.608448749364705,13.188635560741142,52.578335957039805,13.155167359669765,52.503763205328205,13.14047981174894,52.50279131536879,13.19271675648888,52.45673910574369,13.283613265916047,52.41808553661463,13.341561583357274,52.428928748667694,13.404954000000002,52.43007483940813,13.503686229948977,52.41975286827669,13.55093269909657,52.47655110146004,13.685705050238559,52.516692727004866,13.667863663570493,52.545039146517425,13.554152401173122,52.63173805557254,13.322455525561294,52.6739334226679
13.326497309610044,52.59624789560194,13.271995757874475,52.55935622593412,13.140018015458752,52.50560255938005,13.235460114337755,52.433174833598144,13.381880090027527,52.431179806415614,13.469581808871652,52.390985528927686,13.60978498033702,52.40329601399587,13.642250524004847,52.46999512143604,13.549582642703752,52.53861683449116,13.65525926100711,52.57510875572008,13.488398808095509,52.61526417162812,13.435744397348897,52.607969938608285,13.326497309610044,52.59624789560194
13.319948831510652,52.654310873881535,13.220844276154418,52.5952985014712,13.274331585811844,52.56215574974067,13.195127583977765,52.563740195939594,13.249583647378998,52.490982242711,13.204659613407316,52.41363616978742,13.316152721659275,52.44815071032313,13.371677084453472,52.4048666682577,13.527626227760383,52.366365477916126,13.59231378428417,52.39287675684623,13.634222463779803,52.48497486681031,13.628783694885202,52.56664254332778,13.569872587610737,52.5801065500157,13.60057111387791,52.64276050174901,13.501748649585144,52.610475732390604,13.522741481113709,52.63434885626975,13.319948831510652,52.654310873881535
13.266204856597124,52.613491684321794,13.252064343386165,52.55374303240962,13.164433876406038,52.56446257967331,13.169312233685384,52.5323140365957,13.201951363402321,52.49580945853111,13.231562148005565,52.497442722155995,13.233687733188034,52.449478042800905,13.309942397063619,52.368842826881945,13.3589244922078,52.36057944584015,13.453530958749226,52.35172183681472,13.54022769997257,52.40206074341366,13.527938743898297,52.44231303490084,13.571474320256122,52.482979742221154,13.656154355288336,52.517072879197904,13.659637516336224,52.56706242368744,13.516647761135667,52.5789552927532,13.505955778757638,52.67948605782008,13.266204856597124,52.613491684321794
13.32057277224589,52.634997023281564,13.28395371740558,52.58613937662786,13.257496178828324,52.52618873548147,13.17784519838021,52.48012763677689,13.287050750373155,52.39533463186734,13.31427860499874,52.367856799422476,13.444199150112066,52.42401362832015,13.509365816795464,52.421910485820355,13.520385618721075,52.415570749298006,13.548231334879924,52.45648743856517,13.616771722041591,52.480377372295195,13.656795810764262,52.57244228141457,13.587895611984994,52.57897495327986,13.589109073774074,52.61041815976856,13.478983756434703,52.597867474984845,13.32057277224589,52.634997023281564
13.246335204492409,52.6268333788889,13.173489509953932,52.549698078110914,13.23843367974388,52.482979742221154,13.234431631575044,52.39587853465986,13.404954000000002,52.38510875911217,13.503928894682081,52.43049708524858,13.520339165015939,52.426580879975404,13.600642065718883,52.4393823158921,13.651428035060304,52.49057910193382,13.61074268701624,52.570362482521205,13.519171405253779,52.6026225490956,13.246335204492409,52.6268333788889
13.297282192657478,52.648166489501634,13.236691150665548,52.57656778886479,13.1811243051148,52.56664254332778,13.229383990020104,52.50485770740897,13.218669216276007,52.4175606828851,13.364295605528797,52.43355168183108,13.47397846681234,52.373024689624984,13.53075393544376,52.43170574331406,13.643654096182908,52.472522733395046,13.68532496750623,52.51073299892995,13.595290296223329,52.53612536483568,13.521526355218567,52.60139701859875,13.550919386062406,52.633305421845144,13.416592354240308,52.65471979817394,13.297282192657478,52.648166489501634
13.308557348708465,52.68053427535151,13.195724099233129,52.63415800145255,13.25089028393679,52.60415404125413,13.259350809921383,52.5355342462217,13.157367572592353,52.54629696390965,13.26431693420557,52.470460891189454,13.33866605233944,52.419928073281994,13.460067195194556,52.361653694731444,13.584921685588258,52.38897533270809,13.586236770421761,52.44249386963138,13.602662431699397,52.483031108020384,13.659637516336224,52.56706242368744,13.516013906587078,52.59230453424091,13.549479911669954,52.64515497637608,13.423538213742308,52.627332950877296,13.308557348708465,52.68053427535151
13.280143299586426,52.62049370233731,13.189260789773305,52.61496073333796,13.178783207564587,52.586811940861644,13.127429489958393,52.5464127363392,13.183527442345044,52.5268604501943,13.277089026992634,52.47497196871134,13.364295605528797,52.43355168183108,13.423443721040952,52.3585219924963,13.453724931340949,52.41625894844368,13.594146296382021,52.419554523309145,13.64762419815923,52.45391688191199,13.635920590947475,52.460045162176264,13.609230199087397,52.50013521186716,13.606696105336106,52.548158053060654,13.65195704617555,52.580390719443315,13.536972406233435,52.59214528770536,13.44004292128162,52.671398636039946,13.280143299586426,52.62049370233731
13.278647736617343,52.60817434589984,13.213505084694901,52.53004211476029,13.260245199606032,52.4750075053507,13.277850961303788,52.420724287327744,13.32382383532945,52.43430733124056,13.335929533187661,52.373024689624984,13.339977066744321,52.38167181818146,13.41524279532439,52.43029346282371,13.421395989067173,52.376464913252505,13.493332731357677,52.43700823463952,13.592256175310359,52.46664926205835,13.552369715101756,52.51364206596971,13.670804646547698,52.5753396713295,13.498376491161645,52.60100520154585,13.278647736617343,52.60817434589984
13.250610547390036,52.616944469877225,13.27493838351896,52.57947062412602,13.190642883077533,52.55472781767703,13.169855556457247,52.50473327686996,13.275816107412954,52.47633669446301,13.361826738805764,52.433996597178904,13.454872718486353,52.39783136862673,13.540634071907887,52.37048197892673,13.53488094263152,52.422089156940395,13.553394805254927,52.40808929446086,13.57594166607161,52.46680683004373,13.540892978426015,52.484789785675645,13.55168574428284,52.530876266224865,13.562082364412653,52.54550678283257,13.650192363444223,52.58300459359869,13.5663265730388,52.583572128976535,13.523528007261584,52.64456154638292,13.491170309802255,52.66364035886463,13.457996763597052,52.613530945702784,13.250610547390036,52.616944469877225
13.286633304542327,52.65493730681826,13.170095212492699,52.574563768425726,13.126723329689481,52.54346159741867,13.24780536961338,52.45284494945187,13.289568834984061,52.426580879975404,13.413179956706095,52.37620291195517,13.517378242110848,52.41436079864823,13.590572759109635,52.44639077126158,13.613428160538225,52.45227068559422,13.625864308112432,52.531558557965745,13.568124537030338,52.581848754413286,13.482874005140866,52.61697804952109,13.286633304542327,52.65493730681826
13.278647736617343,52.60817434589984,13.225408614013022,52.56176870889752,13.153822677613132,52.52507686785335,13.16884420106444,52.51224135630669,13.257745883307047,52.51207756726529,13.201641530895111,52.41577938298932,13.327567952096564,52.374579733337875,13.521191089293628,52.37445503199675,13.639227733776975,52.46498652648079,13.566677879379448,52.530237326461204,13.587895611984994,52.57897495327986,13.509636844010249,52.595742121587485,13.4686097544484,52.61105124303654,13.412714891174687,52.65482281134479,13.278647736617343,52.60817434589984
13.324319541411608,52.59540309589532,13.238153640301029,52.556800172103415,13.15602471683323,52.541023419636275,13.279750951889053,52.47228410238383,13.288813072011978,52.43850287998239,13.361826738805764,52.433996597178904,13.384426230024635,52.43094827444733,13.488980000653573,52.41489755379075,13.571896918556115,52.39408654209683,13.566752862192978,52.42789612117154,13.642607547449437,52.42922071945647,13.581908331761094,52.52740309056305,13.58449938598698,52.56176870889752,13.542406172839666,52.65868402277058,13.41528490184649,52.60971964137323,13.324319541411608,52.59540309589532
13.333172056309047,52.59864175871548,13.282074349593747,52.58484433536321,13.178903058036619,52.605574225466896,13.12458303249377,52.51073299892995,13.213311165308818,52.47268725142043,13.205963693655903,52.46070446582897,13.33797770340128,52.439857927855584,13.42037391212597,52.412498066203234,13.476752356218146,52.411586493002886,13.585255616706627,52.41366712903716,13.564474910864513,52.501023881356026,13.669183519868945,52.578154473432335,13.526009804770485,52.63308056025705,13.462145348116362,52.64102092536532,13.333172056309047,52.59864175871548
13.322883226208923,52.664533990542466,13.26126232252336,52.583353053433406,13.187965194248678,52.54785561673326,13.142347245482208,52.494392985683206,13.248538185970745,52.46923909808208,13.235736881735994,52.447670023553286,13.256634204257391,52.37500713939486,13.339977066744321,52.38167181818146,13.404954000000002,52.376115543053004,13.564587868836897,52.390617934013015,13.549708121307829,52.44321753216812,13.63492241090097,52.43884487303118,13.61161665613409,52.5264164095126,13.669123066921369,52.53944099155554,13.66711353705736,52.54782733970963,13.498113860693291,52.58986089114979,13.524051243959459,52.67480921279058,13.322883226208923,52.664533990542466
13.336105580498677,52.6096438978712,13.296711044465475,52.581291269645256,13.186510740381348,52.543230844714195,13.199652777138338,52.5044853787678,13.287063374832922,52.46582585163756,13.314481057269491,52.4068097500149,13.41652119778403,52.385293067260704,13.470504556942998,52.410127693233,13.531794302150951,52.409436898719306,13.636938718053342,52.49232432413264,13.58227542400784,52.51799106017257,13.609937316728455,52.53735259048852,13.53546097647116,52.61778193943843,13.336105580498677,52.6096438978712
13.311794139306711,52.58986089114979,13.298486377546698,52.58243141717808,13.206763386923361,52.6281592598461,13.231148781408878,52.58845265756819,13.257174441462348,52.521484509553225,13.181601141302389,52.4729501284831,13.227854230841306,52.45502879657689,13.25812072752242,52.459568737601025,13.244397017554551,52.37992867980773,13.399292889155099,52.42114175072502,13.485296314499259,52.42382358201551,13.522997249261469,52.42782042175075,13.581143572639077,52.38708408323749,13.580304840945475,52.42359502649856,13.68576687554208,52.51967471080429,13.605862303167886,52.55029618790187,13.602761455970139,52.58108482536067,13.5473020268608,52.567881663934514,13.527136775415343,52.65366019492486,13.311794139306711,52.58986089114979
13.305907850389774,52.58679833183441,13.178903058036619,52.605574225466896,13.186510740381348,52.543230844714195,13.258637237238924,52.507400628783316,13.172654219392822,52.42422929938007,13.332978127500848,52.42139659048644,13.343942630451883,52.381002800104675,13.469765819737102,52.37231399752587,13.544139343294411,52.41508958714218,13.586236770421761,52.44249386963138,13.596954766138444,52.515771483856106,13.6094134414794,52.5395267935456,13.675178517684424,52.56679802212214,13.560480071712375,52.62850153743142,13.305907850389774,52.58679833183441
13.304683875595222,52.59791895454165,13.279479025791636,52.5675974993598,13.132225725717191,52.561031267569405,13.204324086551697,52.489378105037524,13.259844985371192,52.41810911037207,13.320467091108723,52.385642599732805,13.395694586697791,52.41223594397635,13.448081261194238,52.433996597178904,13.598564651411596,52.45444888894838,13.548348957415135,52.47347762928902,13.661084485208141,52.45023066677298,13.624397523232675,52.50102980289417,13.612108334045518,52.58958636420096,13.583056145856844,52.62797938837635,13.570533537929363,52.65812939084116,13.485648777832113,52.616135779362835,13.304683875595222,52.59791895454165
13.277474018832356,52.63044082837345,13.191484587082586,52.600831795739,13.168571062974593,52.57206140507511,13.158479964939698,52.49057910193382,13.23843367974388,52.482979742221154,13.340283021900978,52.43915885967429,13.453530958749226,52.35172183681472,13.460986621511339,52.408190424150675,13.482530693493613,52.422985006813406,13.471930296598721,52.439857927855584,13.525619601893737,52.42908800344314,13.585338343884512,52.479883593172445,13.668533569870611,52.542243412812695,13.561730996465542,52.570568233784215,13.571570196074928,52.57834604868761,13.510529802665236,52.67838909756669,13.277474018832356,52.63044082837345
13.246335204492409,52.6268333788889,13.159012610719746,52.551538773844186,13.140018015458752,52.50560255938005,13.2329967263703,52.43498799181557,13.320323030369476,52.446308664798934,13.419091792852306,52.42145722050225,13.497074599190269,52.38751836928159,13.526395270550129,52.386228754264856,13.542833081890755,52.48769804055079,13.638216831734168,52.577049563658406,13.623337846598794,52.612655718729826,13.576746545474796,52.63169566386176,13.511474994979757,52.658519877595225,13.42822592614259,52.68126661942114,13.246335204492409,52.6268333788889
13.29598663755452,52.59347291424227,13.184402871046103,52.53390278422283,13.162479675891912,52.48018960591787,13.238011081443885,52.39408654209683,13.330166402248288,52.42217592802952,13.309942397063619,52.368842826881945,13.380315815640651,52.3769012308409,13.545049825788153,52.39317696542762,13.58168108311017,52.43869140726265,13.626490007620731,52.515092292236,13.593268527499905,52.59134293852469,13.533772858066392,52.606819590939025,13.29598663755452,52.59347291424227
13.267501827160336,52.65868402277058,13.238337803925072,52.57834604868761,13.258553844632717,52.53243284260391,13.262268839292716,52.496645017270495,13.30956757498362,52.439936292912336,13.283512729449871,52.386228754264856,13.411128498106748,52.412153987412964,13.49838664270391,52.39771080607613,13.538787652642599,52.48192449777305,13.679852828637014,52.555214867315236,13.564479239801448,52.58527614649859,13.576441729823088,52.64388901746946,13.560067307405616,52.640380604079176,13.433247915344207,52.617426110531774,13.267501827160336,52.65868402277058
13.37103096927389,52.625937984427324,13.212050353297345,52.61812285016158,13.195837739238053,52.58737590426324,13.155167359669765,52.503763205328205,13.210119255903999,52.42363331557277,13.26501806414787,52.37194554295195,13.366776784372266,52.433133052019784,13.48687628936601,52.36602361890702,13.639442286152049,52.44377791367161,13.685633912856574,52.5256383772064,13.568368019013288,52.56206171275308,13.546372847500566,52.657203173418644,13.430242664391034,52.64497085920639,13.37103096927389,52.625937984427324
13.298122004969974,52.62788067227603,13.207146544029861,52.58108482536067,13.18404369188757,52.531558557965745,13.202680851380425,52.49365738280198,13.169941770076472,52.426710794848596,13.300631675769242,52.444179841324576,13.26501806414787,52.37194554295195,13.397234676710648,52.43019783680128,13.559218917133917,52.399431732686296,13.556111515363336,52.44793249574265,13.663954388435105,52.48330953796378,13.577669003669467,52.495604841350804,13.646438478820414,52.58817412895457,13.573512164828742,52.633502979165506,13.407538705542263,52.60992543538307,13.298122004969974,52.62788067227603
13.263535152499434,52.657203173418644,13.277156474430713,52.59490482659129,13.218405470656439,52.54814395825806,13.170148554196723,52.53731070596681,13.175685536220197,52.48497486681031,13.206982736839494,52.4414727065311,13.31896565869065,52.43608231762532,13.28735818757464,52.38495942970564,13.409067598760826,52.3761373869258,13.453724931340949,52.41625894844368,13.535735921854757,52.43443092969994,13.599031451233083,52.40944750504291,13.603944306344097,52.46070446582897,13.682478510041607,52.5464127363392,13.60057111387791,52.64276050174901,13.485588458588392,52.59540309589532,13.472502307458477,52.63903335479935,13.413753292680362,52.67279821443945,13.263535152499434,52.657203173418644
13.266204856597124,52.613491684321794,13.1939398044594,52.58514494797614,13.260448413321729,52.50122102901158,13.271120347357401,52.48192449777305,13.28654991660999,52.41681245380961,13.408811284765688,52.38512924191665,13.430099205445941,52.39503778170585,13.51214630814111,52.401973817592946,13.538047305506906,52.412197683960585,13.569244548914408,52.4794661614611,13.641428347271173,52.51977135970634,13.635497351205776,52.61779107338331,13.465753853191767,52.62140175711733,13.465616652232741,52.64039510144111,13.266204856597124,52.613491684321794
13.341298245551602,52.61105124303654,13.174136674579337,52.60072177641246,13.146592530569118,52.55888772845995,13.257538284898244,52.51364206596971,13.214073504890342,52.407403319999325,13.305310936264698,52.389555114053664,13.413692299507984,52.36721513754643,13.5892684782248,52.40341833416925,13.577443274195645,52.46863074554359,13.66942818825106,52.50279131536879,13.640963989965494,52.61283575821691,13.528374145260115,52.59757304242586,13.560067307405616,52.640380604079176,13.341298245551602,52.61105124303654
13.250610547390036,52.616944469877225,13.125565838505452,52.53753907560511,13.235469253720096,52.48833354359149,13.238011081443885,52.39408654209683,13.3473461580984,52.41795395547887,13.447758414404195,52.415286315224215,13.452979070108409,52.434964737634566,13.565510982445451,52.37992867980773,13.65471950090067,52.4421698953531,13.659039618430722,52.44752134559668,13.545606101081178,52.54771424547281,13.560258154747563,52.57222543353536,13.597015057390562,52.64481913238468,13.250610547390036,52.616944469877225
13.295550731209934,52.60499765412823,13.200494558520601,52.5395267935456,13.237124758317336,52.463208216863876,13.206933111163602,52.39901728261978,13.278113697849049,52.409436898719306,13.429577369686491,52.41313610371949,13.457980216812585,52.379791592978904,13.461831108019677,52.398965660300206,13.514638289840732,52.45977988760713,13.620817726478668,52.48946503511803,13.537912242125529,52.55935622593412,13.489382915394982,52.62505665809058,13.295550731209934,52.60499765412823
13.332566752392975,52.64753376393594,13.212050353297345,52.61812285016158,13.124468869456667,52.52861824294716,13.220830573606118,52.462704309375155,13.323421542169642,52.375423615959406,13.357523273269571,52.42539469562276,13.354375028057708,52.36109245237307,13.38492329504974,52.40373395203646,13.498652612819484,52.40778773030681,13.532000912705804,52.36769152575299,13.55842797435377,52.43566068705759,13.560152441657042,52.45118633796602,13.662855276758334,52.48056471557302,13.669123066921369,52.53944099155554,13.582335439959786,52.601058399307455,13.478983756434703,52.597867474984845,13.332566752392975,52.64753376393594
13.283779573165296,52.59887187856094,13.220125742587843,52.55208839480884,13.14137443012939,52.542243412812695,13.13671614888252,52.46974565161114,13.277850961303788,52.420724287327744,13.312020827246698,52.41771716671489,13.400328086240453,52.35815367528194,13.45273258289785,52.369921603304235,13.52321456502729,52.36508608689756,13.535325592762542,52.477714730741546,13.64762419815923,52.45391688191199,13.590670736885555,52.55012074396814,13.543934892272572,52.550684262633034,13.594184189293493,52.60645238941815,13.509636844010249,52.595742121587485,13.283779573165296,52.59887187856094
