13.331999658028113,52.68503345370454,13.2435814269612,52.583572128976535,13.266916560841992,52.572349247540174,13.212838699883692,52.521891871564605,13.244010190532341,52.50613006971798,13.215224265282625,52.45037738882244,13.2717401169766,52.43583278889937,13.30956757498362,52.439936292912336,13.256642333671294,52.38571123087253,13.313800604434002,52.42746763926752,13.348921378488662,52.408190424150675,13.3589244922078,52.36057944584015,13.429334186155685,52.34978359854078,13.5333948653881,52.399259800444426,13.51634815949801,52.46095384926735,13.527343079089018,52.46965439615044,13.570384563644422,52.48121703163935,13.646706735700167,52.56190163975049,13.56653731505164,52.65986667684211,13.331999658028113,52.68503345370454
13.301238637830892,52.62899871255618,13.228832884240912,52.61615869997616,13.14420864522717,52.58373028479301,13.13530824683753,52.472601890268926,13.205963693655903,52.46070446582897,13.23169050314676,52.451307548883804,13.292529757889154,52.41436079864823,13.2971108361775,52.3720750495152,13.397753354809812,52.39417845412274,13.50184995902442,52.408799817809005,13.527938743898297,52.44231303490084,13.556111515363336,52.44793249574265,13.655327730788361,52.533067686426534,13.638636717576496,52.542286568363586,13.565123159759377,52.53707714222166,13.521526355218567,52.60139701859875,13.301238637830892,52.62899871255618
13.317279813914277,52.6340833812218,13.279479025791636,52.5675974993598,13.127766989884316,52.49295294825439,13.203471842251247,52.49151338102003,13.30091327917283,52.43265333886941,13.401353133661809,52.39412109635291,13.512158649621004,52.423034202834295,13.577312275207769,52.385233240778845,13.638397381256256,52.49726768390189,13.630082444043833,52.564258508529065,13.523915314522965,52.6230828374673,13.527090692642851,52.643283334095074,13.317279813914277,52.6340833812218
13.304387099607466,52.63008348421553,13.218232757767973,52.608448749364705,13.276827014988225,52.564903960289655,13.232238996330537,52.495604841350804,13.269680300027431,52.40206074341366,13.320467091108723,52.385642599732805,13.417295528641114,52.41235064846802,13.460986621511339,52.408190424150675,13.514753593008633,52.38254423647728,13.566752862192978,52.42789612117154,13.611554672368982,52.5132377543199,13.670060200337693,52.53381950734567,13.60057111387791,52.64276050174901,13.304387099607466,52.63008348421553
13.36986507871838,52.671398636039946,13.206763386923361,52.6281592598461,13.234352881380266,52.54963081886119,13.247120790788435,52.543834287703724,13.144534497528436,52.55337770366745,13.155467099831803,52.53837675692476,13.198584058960343,52.511044817998204,13.237394518398377,52.48475375766037,13.252299654509471,52.48607427058005,13.324595931748716,52.44455629561967,13.389536501024025,52.38543636035318,13.468367471058096,52.41923933792778,13.64767356158982,52.43432280857719,13.659039618430722,52.44752134559668,13.625864308112432,52.531558557965745,13.563443898539415,52.54215456263933,13.543703143402876,52.613491684321794,13.36986507871838,52.671398636039946
13.278647736617343,52.60817434589984,13.22923905873877,52.567429323688295,13.174370522416384,52.55215162142243,13.12414112445792,52.51967471080429,13.259876693733808,52.45801864680894,13.320927999346429,52.41489755379075,13.433098462799729,52.43172380326783,13.472137222791533,52.40094239927194,13.482260680781442,52.40324465665807,13.522997249261469,52.42782042175075,13.571896918556115,52.39408654209683,13.575324252003364,52.490138226144886,13.557843656613837,52.55374303240962,13.54177442294832,52.62622953532519,13.278647736617343,52.60817434589984
13.277023474401668,52.6721854969584,13.239231920164418,52.558565917956955,13.186510740381348,52.543230844714195,13.13530824683753,52.472601890268926,13.13530824683753,52.472601890268926,13.293552680291992,52.4360861262378,13.361192952875864,52.351231507186235,13.450748598201903,52.415756790254164,13.50899472082717,52.43265333886941,13.592787121874911,52.495550931405596,13.64114475708065,52.52730265394483,13.580644095079135,52.53489633151624,13.607468337377675,52.5460113899771,13.570533537929363,52.65812939084116,13.277023474401668,52.6721854969584
13.247850611162256,52.615290638272896,13.186185247553373,52.62733839317331,13.227863787507745,52.51422681277883,13.238127273285627,52.41814288016751,13.33254576380293,52.35493602692214,13.429592184359349,52.3769012308409,13.478024415782045,52.36437742286687,13.645176921457498,52.43175831345214,13.582290628435643,52.52175792486881,13.607468337377675,52.5460113899771,13.582211902983232,52.65266671030912,13.417370793763853,52.66370061073854,13.247850611162256,52.615290638272896
13.322545145588167,52.6833833189829,13.259467302100807,52.58181747070769,13.1569284554609,52.49583123096916,13.271120347357401,52.48192449777305,13.196479839461777,52.45227068559422,13.24853134051289,52.42451625426886,13.327377306506387,52.422985006813406,13.441740117865052,52.414440974193376,13.529314902887704,52.45635374777964,13.626648796560467,52.51979989419271,13.650192363444223,52.58300459359869,13.633002995181739,52.5843999659831,13.533243947137256,52.58084226764662,13.59024813234656,52.63630783856542,13.322545145588167,52.6833833189829
13.293894093412923,52.59230453424091,13.150270483663776,52.56706242368744,13.132738470426307,52.47835704835271,13.167657475995153,52.46999512143604,13.269348501532816,52.437260262005324,13.316152721659275,52.44815071032313,13.421395989067173,52.376464913252505,13.523672701099928,52.45248059137505,13.591238783723995,52.4175606828851,13.649487238732899,52.45650400328737,13.648950069001637,52.556742450633486,13.631004941963381,52.605574225466896,13.47217506241463,52.600118128730166,13.293894093412923,52.59230453424091
13.304717615127744,52.65037471105961,13.171859174618957,52.598258333857174,13.198144134476461,52.524220807943706,13.167300452550565,52.42922071945647,13.30091327917283,52.43265333886941,13.318574723565614,52.395801001987095,13.43112676671751,52.36795695066062,13.51214630814111,52.401973817592946,13.565510982445451,52.37992867980773,13.678330591292989,52.481254220069054,13.624024620243654,52.540907580436276,13.638266436929547,52.6153279300471,13.537242776709165,52.67080369097848,13.304717615127744,52.65037471105961
13.290736594746221,52.6026225490956,13.218405470656439,52.54814395825806,13.248008675027908,52.49429938465096,13.19954843032555,52.432137879789856,13.2812981965373,52.4081067249869,13.37934093611424,52.43143834211511,13.473262289871453,52.391691440910236,13.548348957415135,52.47347762928902,13.614361321214973,52.47590349602406,13.552733558537653,52.521484509553225,13.554522142181021,52.593487845471,13.524037890139104,52.5874142618339,13.528374145260115,52.59757304242586,13.290736594746221,52.6026225490956
13.274447023528838,52.61778193943843,13.230217847388218,52.538618250295904,13.213593870773238,52.50966312934688,13.228614808989466,52.50859537598371,13.157666616669122,52.49320104710031,13.157666616669122,52.49320104710031,13.259876693733808,52.45801864680894,13.27970392756174,52.387538724091364,13.366022042126115,52.35079239405105,13.478908201771965,52.40244143717484,13.501350647041594,52.42945963126187,13.527343079089018,52.46965439615044,13.565859476007844,52.45622303888174,13.655817859181198,52.51174040515365,13.65195704617555,52.580390719443315,13.657778387444418,52.594642980190926,13.523528007261584,52.64456154638292,13.274447023528838,52.61778193943843
13.327054010101453,52.665383461245014,13.280232578154274,52.58352953429031,13.168650715266772,52.51474993945197,13.26431693420557,52.470460891189454,13.224652383293373,52.41366712903716,13.324318201816002,52.40408335646627,13.300136909051513,52.36153164003047,13.400840401239174,52.3761373869258,13.491333276434386,52.395801001987095,13.65691773795983,52.4448341503179,13.622351761147602,52.46358476879273,13.543740420116979,52.48916717783981,13.675178517684424,52.56679802212214,13.528708962198325,52.609502210814654,13.505224124404778,52.59791895454165,13.465616652232741,52.64039510144111,13.327054010101453,52.665383461245014
13.258988613937595,52.633305421845144,13.268797388854225,52.55506822564914,13.214312325792575,52.505605844852475,13.25019491103175,52.411309614969504,13.409323808400005,52.36714553138075,13.463117450633764,52.35285553953796,13.469624978099024,52.43915885967429,13.553265666328706,52.38571123087253,13.514638289840732,52.45977988760713,13.668263380732505,52.497185675943676,13.640052443542753,52.50473327686996,13.543934892272572,52.550684262633034,13.579983091895691,52.60292975384419,13.600643993724223,52.61605935835905,13.473662416493815,52.64828300482979,13.258988613937595,52.633305421845144
13.30866399753361,52.62121659895949,13.251122157911933,52.5521142932358,13.25734394642233,52.52462187881053,13.244910046531498,52.50272082048836,13.172204563010235,52.49479213117473,13.242243017450786,52.457941492419714,13.297012853586711,52.458624261974634,13.279154064556241,52.43170574331406,13.357523273269571,52.42539469562276,13.344622946953042,52.399588054453424,13.323155902093601,52.35657387072063,13.473876890128416,52.38238284768259,13.592579840258297,52.40539339386922,13.661677818588842,52.47783198202792,13.677169529573693,52.47835704835271,13.655535016231033,52.50907765988258,13.552191214370215,52.58026306066745,13.502971366169936,52.59897189297295,13.491971006856465,52.592731781609366,13.465014531018484,52.677720812698766,13.30866399753361,52.62121659895949
13.304030153619378,52.64015938648515,13.18313862134467,52.62499882513834,13.259949035029281,52.564829651505825,13.185883379756346,52.540907580436276,13.228614808989466,52.50859537598371,13.199233891976087,52.506667964124624,13.210876548766917,52.40944750504291,13.256642333671294,52.38571123087253,13.402123016303507,52.421096656330064,13.426776704236945,52.367702086980856,13.52321456502729,52.36508608689756,13.58247968216041,52.399575190854755,13.552369715101756,52.51364206596971,13.553611165805343,52.5601505222492,13.52904524722957,52.56892273563423,13.54480519876444,52.62476036518951,13.460676448049831,52.61295338473855,13.304030153619378,52.64015938648515
13.277474018832356,52.63044082837345,13.259467302100807,52.58181747070769,13.183259203439535,52.51979989419271,13.268772842980972,52.46605015393981,13.244048523992157,52.45622303888174,13.2717401169766,52.43583278889937,13.280713320627513,52.41938961262115,13.30805804097558,52.408799817809005,13.321013453446835,52.404957283139595,13.383392238663262,52.41289085321674,13.504273166105605,52.369874754097985,13.622654430798015,52.41227422675629,13.60561750547691,52.46282668802993,13.552650204209773,52.51677648565375,13.626537492321907,52.52450800064071,13.68318467031052,52.54346159741867,13.63247322923503,52.55945088802688,13.54177442294832,52.62622953532519,13.501244002466391,52.62121659895949,13.277474018832356,52.63044082837345
13.273662020066896,52.60543836107893,13.216639472500095,52.59134293852469,13.139336417555917,52.511237619336306,13.244048523992157,52.45622303888174,13.352089293787708,52.436036300709134,13.371194174051098,52.414066363854154,13.480941765574588,52.442895726951214,13.599200415847328,52.47678582384328,13.61306053561707,52.4736864346431,13.68576687554208,52.51967471080429,13.607735695664058,52.57470195570858,13.648619419246474,52.605192754441845,13.514357268790068,52.60499765412823,13.273662020066896,52.60543836107893
13.349231551950169,52.61295338473855,13.182746652376682,52.59157421532372,13.12490113944833,52.5077570692083,13.148823514791859,52.45023066677298,13.201641530895111,52.41577938298932,13.218669216276007,52.4175606828851,13.390816207147697,52.42145722050225,13.482340047903438,52.374579733337875,13.521272962586854,52.46458216163191,13.641428347271173,52.51977135970634,13.606035857310545,52.61184519701152,13.523915314522965,52.6230828374673,13.460465905457726,52.67833452119178,13.349231551950169,52.61295338473855
13.304387099607466,52.63008348421553,13.236691150665548,52.57656778886479,13.244322572467366,52.5353736411239,13.216444125844365,52.49754937022725,13.203471842251247,52.49151338102003,13.264858174211847,52.39317696542762,13.431623929145488,52.40422996532062,13.457980216812585,52.379791592978904,13.473876890128416,52.38238284768259,13.49094234130935,52.43608231762532,13.616948171806875,52.42239673940082,13.52588014720494,52.46836235382481,13.624397523232675,52.50102980289417,13.61140646854384,52.52861011326608,13.637968334574541,52.5447647988365,13.579983091895691,52.60292975384419,13.465181109594813,52.602148854861014,13.304387099607466,52.63008348421553
13.271658483802693,52.616381106313334,13.199824993837401,52.59177565131278,13.2157068037636,52.571066411105164,13.189684515020913,52.55244668004929,13.21325080251617,52.52800751850719,13.227999668238908,52.52740309056305,13.1285938826849,52.490013534589345,13.207697261693925,52.458600334012296,13.32382383532945,52.43430733124056,13.355944961485212,52.379249769386675,13.362779555144929,52.387579706488275,13.465881814021847,52.390318808438984,13.600642065718883,52.4393823158921,13.620817726478668,52.48946503511803,13.565585427532634,52.5353736411239,13.591502529343561,52.54814395825806,13.606138970323919,52.57684708014715,13.61789044465912,52.6172368215655,13.545728848549343,52.599657275349266,13.418149553270995,52.67268141820105,13.271658483802693,52.616381106313334
13.374163602651107,52.607969938608285,13.237273355350261,52.5938937969848,13.245855762410178,52.54046812009892,13.257236691346735,52.5230536442277,13.200134132026298,52.50230757380942,13.300631675769242,52.444179841324576,13.3401421802629,52.37231399752587,13.441445766255573,52.42361145307674,13.533975065068745,52.388888943756776,13.545428269653375,52.49213323952039,13.684793173766353,52.53456949924075,13.560258154747563,52.57222543353536,13.470833218651299,52.6298499123535,13.491869362361916,52.67303380773752,13.374163602651107,52.607969938608285
13.216508003606464,52.64683968343358,13.22201238801501,52.57897495327986,13.183846594340336,52.51039092914337,13.170465713847952,52.44377791367161,13.2723596993182,52.3797423610233,13.355352961296246,52.40706847591435,13.412673323289354,52.43019783680128,13.426521153927366,52.394789731543305,13.462163423338026,52.389691480753214,13.564587868836897,52.390617934013015,13.552959454350482,52.41966559388857,13.52341231780675,52.439748639075056,13.60561750547691,52.46282668802993,13.61113335737747,52.53080125064957,13.53177435600103,52.566257771110735,13.532751525569287,52.59490482659129,13.553054898885135,52.64360108178819,13.216508003606464,52.64683968343358
13.32726043500885,52.68423348882634,13.237300723087873,52.608389959228674,13.177250430159903,52.620224432969884,13.185322844529518,52.538578008293534,13.14047981174894,52.50279131536879,13.230585414934533,52.436827035364715,13.324318201816002,52.40408335646627,13.438713825948904,52.414066363854154,13.585255616706627,52.41366712903716,13.650096699107841,52.43691342829459,13.582089751702961,52.52552281762241,13.574682366396026,52.55143802119708,13.574478845332308,52.65634993419463,13.32726043500885,52.68423348882634
13.255652539237,52.66482023397199,13.248177003534458,52.570568233784215,13.138944023663809,52.52253399462637,13.242189487054302,52.442380333522614,13.312090074502256,52.45008019905126,13.287050750373155,52.39533463186734,13.428055704456211,52.358742849661546,13.49327108333008,52.38656021646689,13.548658278319648,52.394683988253064,13.632557625613467,52.43641509792768,13.558360540233448,52.465948438530525,13.58019384403097,52.5367598236861,13.52349336573062,52.61207565105919,13.505190384872257,52.65037471105961,13.255652539237,52.66482023397199
13.2474166004024,52.6615612579456,13.17634344232112,52.55702877093579,13.243092830694266,52.47600206603461,13.223671229578239,52.44249386963138,13.278113697849049,52.409436898719306,13.301752185683101,52.41092508038648,13.410615110844901,52.42114175072502,13.553273795742609,52.37500713939486,13.565859476007844,52.45622303888174,13.639227733776975,52.46498652648079,13.564612046372066,52.53877547453227,13.500688589405838,52.600000747009844,13.2474166004024,52.6615612579456
13.387921949787504,52.61838923288957,13.223421537291433,52.6123600170542,13.200494558520601,52.5395267935456,13.1569284554609,52.49583123096916,13.235460114337755,52.433174833598144,13.234033684845757,52.40807087405402,13.302819905299273,52.44308352491155,13.372676553542531,52.395647674839275,13.549103602155396,52.373454081417925,13.569360188211684,52.40450933419278,13.610255222861662,52.5044853787678,13.552191214370215,52.58026306066745,13.53147903683912,52.582195375669556,13.442067001369583,52.662121125396695,13.421503782735712,52.66354679347094,13.387921949787504,52.61838923288957
13.304717615127744,52.65037471105961,13.163766738193448,52.60776739371096,13.159368239579992,52.48796619258943,13.208339962890317,52.48093719587173,13.31896565869065,52.43608231762532,13.430330184750108,52.42229684052946,13.559713088968252,52.411309614969504,13.663051704177601,52.4529612925742,13.685158861496825,52.531595586133555,13.539905999413817,52.57524870330179,13.620647210226696,52.61496073333796,13.558397030184373,52.66321261297061,13.522741481113709,52.63434885626975,13.304717615127744,52.65037471105961
13.32052508460502,52.62505665809058,13.159715636555777,52.58300459359869,13.213108391514984,52.513733201030824,13.184993976406275,52.503363101376515,13.230903686336886,52.397708268476826,13.268367344262442,52.38117175400761,13.376809537200273,52.43172380326783,13.380573813844316,52.34978359854078,13.473876890128416,52.38238284768259,13.569360188211684,52.40450933419278,13.60978498033702,52.40329601399587,13.532818973007366,52.47497196871134,13.582310037906938,52.51987445214881,13.547790433108338,52.54319722029111,13.586879281309772,52.63825783041588,13.511474994979757,52.658519877595225,13.419708033178079,52.69064301780482,13.32052508460502,52.62505665809058
13.35188685003446,52.60395405635304,13.249269281421421,52.58862403105483,13.26280237652691,52.54471055170848,13.154372983768967,52.50907765988258,13.23952343635558,52.48121703163935,13.273600642214566,52.461787340479326,13.290177705514827,52.450000612622944,13.31773407434789,52.40586617255715,13.448435035311977,52.369437000070974,13.594146296382021,52.419554523309145,13.581847699152696,52.51234710366805,13.550557190078617,52.5355342462217,13.576355316871332,52.57296017413625,13.487741537904785,52.594535298705324,13.408575561639527,52.64589279374329,13.35188685003446,52.60395405635304
13.291775563624528,52.614536756817955,13.26597310772743,52.550684262633034,13.184829295020803,52.53624283883986,13.184855327166426,52.42928156101433,13.30054218320454,52.421910485820355,13.394155750610237,52.39427403115816,13.571896918556115,52.39408654209683,13.632557625613467,52.43641509792768,13.59514936318576,52.50358354204362,13.550092047265977,52.537078127848645,13.574812050068745,52.574772314348294,13.534881854134936,52.59353626390055,13.44098629826177,52.64399378606368,13.291775563624528,52.614536756817955
13.32389163676134,52.63587555551949,13.17509657326541,52.58196841464013,13.132225725717191,52.561031267569405,13.238780603509646,52.4614346112406,13.26431693420557,52.470460891189454,13.223671229578239,52.44249386963138,13.228226916889831,52.43869140726265,13.255885986924477,52.446338251399936,13.250689082866083,52.399431732686296,13.395191640038117,52.349239582087165,13.4509835077922,52.36057944584015,13.453963038514788,52.379249769386675,13.482530693493613,52.422985006813406,13.61897651506132,52.45900260890025,13.608827203600018,52.54169510176699,13.590670736885555,52.55012074396814,13.601360183335682,52.600307769569284,13.47710753964976,52.62838384716428,13.500621527220614,52.671094569154775,13.424618970367813,52.69046024724836,13.32389163676134,52.63587555551949
13.361945051087629,52.62471216958168,13.177250430159903,52.620224432969884,13.228060300847305,52.51234710366805,13.213254744874845,52.452402834791414,13.341187229076748,52.40024703380961,13.448081261194238,52.433996597178904,13.482530693493613,52.422985006813406,13.5677185129457,52.442380333522614,13.583986046626444,52.44058054278447,13.567499271539432,52.51816917623056,13.631004941963381,52.605574225466896,13.491971006856465,52.592731781609366,13.498908115729629,52.642229212194565,13.361945051087629,52.62471216958168
13.380210543411657,52.626872761550146,13.289946063465491,52.57654746423743,13.153822677613132,52.52507686785335,13.223671229578239,52.44249386963138,13.20012301966298,52.40329601399587,13.38953408787403,52.412498066203234,13.481127719516644,52.43263658712371,13.564587868836897,52.390617934013015,13.566752862192978,52.42789612117154,13.64077491647167,52.467482798267945,13.604967176378025,52.5524251419131,13.522085056251122,52.58866860086374,13.476735943690954,52.59864175871548,13.380210543411657,52.626872761550146
13.329832660565025,52.61779072383889,13.257716785629787,52.58026306066745,13.23353220071572,52.54781462416645,13.231562148005565,52.497442722155995,13.167300452550565,52.42922071945647,13.318642148562557,52.366916968989514,13.323155902093601,52.35657387072063,13.464956273119137,52.437834689367676,13.595207556813964,52.47065932341573,13.622448251564798,52.494067776415704,13.607994887562288,52.593943095500535,13.529675421845727,52.58352953429031,13.532884525598334,52.6721854969584,13.329832660565025,52.61779072383889
13.226851854143158,52.62797938837635,13.183751856270243,52.52921087474954,13.23375003256252,52.49195203800696,13.226866774338733,52.42547183680974,13.312020827246698,52.41771716671489,13.422929414886637,52.430743816311065,13.459632447207921,52.41735769722859,13.569494794343605,52.38165499912756,13.59583449510966,52.407403319999325,13.628306858697613,52.4729501284831,13.605583913448303,52.489378105037524,13.551270762761078,52.507400628783316,13.622908897993396,52.57602990030533,13.501425891574508,52.65141926371424,13.501350651291537,52.68053427535151,13.453060128401518,52.670073026076345,13.226851854143158,52.62797938837635
13.240296697101513,52.62339982215579,13.148966167886794,52.56435068456283,13.130055171362986,52.555214867315236,13.14027600967823,52.53663273758267,13.248772418562467,52.49263663201472,13.156917727482687,52.46173563176988,13.241070744486958,52.416386759143606,13.297908796662961,52.39175037469534,13.378284070854512,52.40422996532062,13.426776704236945,52.367702086980856,13.49060827575529,52.37631140416101,13.619533400773934,52.40997875644583,13.624335803628208,52.445683958091145,13.626061405659664,52.51039092914337,13.582089751702961,52.52552281762241,13.62070767043005,52.59855255639669,13.61218188635444,52.62169943633316,13.511474994979757,52.658519877595225,13.240296697101513,52.62339982215579
13.313648503538115,52.67208742613116,13.199824993837401,52.59177565131278,13.19916531298376,52.570362482521205,13.170674188675086,52.53980161806972,13.245902830699924,52.454524019473396,13.328202777323716,52.383930070085505,13.425481769975365,52.43094827444733,13.585255616706627,52.41366712903716,13.527471132450884,52.45504278643379,13.639966229923528,52.426710794848596,13.549459586678271,52.50122102901158,13.581383770506402,52.53115642477325,13.645474123593962,52.56446257967331,13.595284779616401,52.58933227379619,13.561792766532903,52.65086555775259,13.313648503538115,52.67208742613116
13.314618675752104,52.66270284112039,13.259467302100807,52.58181747070769,13.1708876721479,52.49975022948593,13.271120347357401,52.48192449777305,13.263010955154522,52.40500509438103,13.404954000000002,52.40309519123056,13.55006301462881,52.41810911037207,13.680403216620597,52.48708334879735,13.640254942799059,52.595771082769126,13.545860522338211,52.64667066777214,13.314618675752104,52.66270284112039
13.301238637830892,52.62899871255618,13.220844276154418,52.5952985014712,13.212856543946762,52.51781110403262,13.22163307747428,52.415598020247245,13.391586730933026,52.403379227967434,13.52321456502729,52.36508608689756,13.473521984032645,52.4303303165878,13.546991573678035,52.471961937833946,13.652990272517314,52.46173563176988,13.618241313506708,52.55699842973398,13.62127243925886,52.578335957039805,13.532884525598334,52.6721854969584,13.301238637830892,52.62899871255618
13.301238637830892,52.62899871255618,13.24161411206516,52.59740960739247,13.143624596036247,52.55060714156731,13.124202949761443,52.516692727004866,13.175746342013758,52.45760156892526,13.311164783098997,52.428449714025795,13.350275552792079,52.41735769722859,13.47397846681234,52.373024689624984,13.489584969630526,52.446308664798934,13.571780726714374,52.41814288016751,13.560822139037125,52.4373033417411,13.611696559625837,52.47148352349338,13.592995085906104,52.54416539810847,13.526858703729427,52.621803800463496,13.301238637830892,52.62899871255618
13.32389163676134,52.63587555551949,13.197799665954483,52.58958636420096,13.198144134476461,52.524220807943706,13.131577408707013,52.481254220069054,13.19579074409091,52.42016033040343,13.32382383532945,52.43430733124056,13.351480239757121,52.38910373527691,13.430330184750108,52.42229684052946,13.561376659487111,52.42451625426886,13.61172250101278,52.51543280705442,13.572781703117355,52.55502324510004,13.64133693702541,52.57206140507511,13.509316749583517,52.639069281640424,13.32389163676134,52.63587555551949
13.304717615127744,52.65037471105961,13.201268261520275,52.609695819400365,13.283743552869298,52.571528116731464,13.156265719278094,52.49846885377293,13.144933194993895,52.48606561529151,13.253298162432134,52.48445833602907,13.206933111163602,52.39901728261978,13.331737702040733,52.373780010827105,13.358537622686576,52.397319813773834,13.452979070108409,52.434964737634566,13.497074599190269,52.38751836928159,13.631618838820483,52.41935459098185,13.68500686055167,52.5077570692083,13.565998714419425,52.53366549071175,13.565998714419425,52.53366549071175,13.645474123593962,52.56446257967331,13.59024813234656,52.63630783856542,13.304717615127744,52.65037471105961
13.258345425387859,52.608944871472154,13.2575171342425,52.5950649887888,13.244784840240625,52.53707714222166,13.24240872846057,52.51816917623056,13.247292654393773,52.4959699950505,13.247104542611659,52.47090789553119,13.214073504890342,52.407403319999325,13.234033684845757,52.40807087405402,13.335929533187661,52.373024689624984,13.476929872499154,52.42139659048644,13.554022013075523,52.446338251399936,13.590415087283668,52.48960297766689,13.681314117315102,52.490013534589345,13.65525926100711,52.57510875572008,13.522741481113709,52.63434885626975,13.435826332344792,52.6262820583851,13.435902206890123,52.653588394365755,13.258345425387859,52.608944871472154
13.344154146808233,52.62140175711733,13.186982145558996,52.59624940853326,13.152129612555585,52.594642980190926,13.244910046531498,52.50272082048836,13.266997960135521,52.438712916664535,13.324595931748716,52.44455629561967,13.42651576133674,52.41289085321674,13.482913324485937,52.41317708777008,13.529444795789002,52.3770118307094,13.661084485208141,52.45023066677298,13.589782257412157,52.55208839480884,13.571570196074928,52.57834604868761,13.51392136244548,52.59347291424227,13.344154146808233,52.62140175711733
13.243018825937577,52.63701319117039,13.243230120620552,52.530237326461204,13.198059938698519,52.52202397759212,13.222503996772035,52.460757748381866,13.228226916889831,52.43869140726265,13.34032619112835,52.390985528927686,13.335929533187661,52.373024689624984,13.461831108019677,52.398965660300206,13.577312275207769,52.385233240778845,13.549662800393968,52.4750075053507,13.585338343884512,52.479883593172445,13.599581579902651,52.5629095596132,13.502407947257229,52.64121280451752,13.243018825937577,52.63701319117039
13.298122004969974,52.62788067227603,13.245428760198553,52.58527614649859,13.168650715266772,52.51474993945197,13.287063374832922,52.46582585163756,13.312833400809735,52.38751836928159,13.348624831030836,52.37102734440089,13.413443525151047,52.4212168928898,13.479741597751712,52.42217592802952,13.558617137651602,52.422869650554986,13.619533400773934,52.40997875644583,13.541135157019028,52.46605015393981,13.65244558713621,52.439529388019565,13.675925785548081,52.47547264641523,13.625746102121406,52.50804437677245,13.595290296223329,52.53612536483568,13.609937316728455,52.53735259048852,13.538249516197308,52.616381106313334,13.520830662497525,52.61332043761368,13.298122004969974,52.62788067227603
13.29361354364364,52.64700349922323,13.207991414622228,52.55875043489552,13.163664597959553,52.477620749694715,13.24780536961338,52.45284494945187,13.335692675272998,52.44058137150462,13.351927783187417,52.379791592978904,13.473262289871453,52.391691440910236,13.476079019794497,52.431072108851716,13.545049825788153,52.39317696542762,13.679408601652106,52.48416328150061,13.605844608193658,52.59608803325253,13.47865923980581,52.66618850963304,13.41528490184649,52.60971964137323,13.29361354364364,52.64700349922323
13.311531508838357,52.60100520154585,13.134729482315578,52.56679802212214,13.259454286296629,52.504301210524474,13.226016365268197,52.4569194098256,13.169941770076472,52.426710794848596,13.286693434972712,52.36508608689756,13.374286659895693,52.43203610344184,13.474096369671557,52.420647229994515,13.614117255909091,52.42016033040343,13.580059216635195,52.50299556790055,13.64125728473323,52.51474993945197,13.564612046372066,52.53877547453227,13.604967176378025,52.5524251419131,13.58955716305641,52.57702323391809,13.520830662497525,52.61332043761368,13.421986050212498,52.61838923288957,13.311531508838357,52.60100520154585
13.328699101286269,52.59706943915351,13.202172304335944,52.57470195570858,13.198080633560247,52.517629307837694,13.146856295822401,52.4529612925742,13.190193058493184,52.424662872819056,13.26413297965898,52.42784219010762,13.31849722595618,52.35746733087429,13.392618166616495,52.37631209837591,13.440638476340117,52.432740834512884,13.49217392565211,52.40586617255715,13.561369814029257,52.46923909808208,13.61140646854384,52.52861011326608,13.665373502471565,52.55337770366745,13.561730996465542,52.570568233784215,13.61218188635444,52.62169943633316,13.492389333126164,52.62414403116465,13.48463105859592,52.64591866760263,13.328699101286269,52.59706943915351
13.229979804251247,52.62985427854305,13.199110603531516,52.53298915379051,13.248772418562467,52.49263663201472,13.152228795497953,52.46971459464353,13.213982476604409,52.39488575351293,13.378284070854512,52.40422996532062,13.366022042126115,52.35079239405105,13.481705222676286,52.383930070085505,13.587404003227967,52.460757748381866,13.578892524752016,52.4704703305162,13.611848061301483,52.52202397759212,13.629177381695046,52.5892036012766,13.653351046287503,52.59996650610365,13.569611302898487,52.62339982215579,13.229979804251247,52.62985427854305
13.252568379225275,52.63013659692316,13.25332912559034,52.605777295683716,13.1811243051148,52.56664254332778,13.141426517754306,52.46127268732414,13.202099822567597,52.429969959076686,13.234431631575044,52.39587853465986,13.376785292490522,52.42258117255464,13.448081261194238,52.433996597178904,13.495800371465752,52.449104668042814,13.588645466626128,52.390906418256186,13.543740420116979,52.48916717783981,13.643654096182908,52.472522733395046,13.641378817292996,52.517260195392616,13.596853053742128,52.525970531966344,13.525954282594423,52.58613937662786,13.565530150814888,52.649180034708984,13.509255925662066,52.668970665644466,13.252568379225275,52.63013659692316
13.283778854552578,52.664179544989985,13.20063757877427,52.572540202867245,13.168763242919352,52.52730265394483,13.21475863681424,52.50358354204362,13.19271675648888,52.45673910574369,13.194566398240084,52.45449490444195,13.288635037413146,52.46458216163191,13.276643644709274,52.433055108961646,13.351927783187417,52.379791592978904,13.355232046765293,52.38855574945845,13.410615110844901,52.42114175072502,13.547122679642216,52.416583620977455,13.62962719841237,52.475329213436765,13.59514936318576,52.50358354204362,13.68288362677479,52.49590069618691,13.68576687554208,52.51967471080429,13.525954282594423,52.58613937662786,13.463561693506216,52.68712973184858,13.451186016211883,52.65194840575319,13.283778854552578,52.664179544989985
13.316098885311783,52.653387647649936,13.246154926917121,52.60083108585451,13.136105412199166,52.569660577636036,13.212917567475065,52.523931775910356,13.183304846068419,52.51744567161517,13.132738470426307,52.47835704835271,13.279750951889053,52.47228410238383,13.221262533373872,52.390906418256186,13.323031710633991,52.36602361890702,13.400584191599997,52.36714553138075,13.50501801281565,52.409845706567076,13.535735921854757,52.43443092969994,13.531507224221896,52.47362096793684,13.682141010115688,52.49295294825439,13.609937316728455,52.53735259048852,13.573512164828742,52.633502979165506,13.589727033459631,52.64882153409829,13.316098885311783,52.653387647649936
13.304030153619378,52.64015938648515,13.182491451521567,52.56901242190432,13.202678180700769,52.46496635673797,13.254164101186179,52.39781184426958,13.39570356612419,52.35822736092323,13.444124378200138,52.368998107779554,13.513934542513168,52.434915863611344,13.6667782771196,52.491608181494655,13.641428347271173,52.51977135970634,13.581672983090387,52.52928115041126,13.559297452609966,52.616944469877225,13.304030153619378,52.64015938648515
13.302907050553005,52.61911003518882,13.24732490321753,52.58696028563292,13.197755947660651,52.56816946035112,13.198038772729522,52.51982658776454,13.226866774338733,52.42547183680974,13.271860694493094,52.412197683960585,13.323031710633991,52.36602361890702,13.39466520467561,52.43029346282371,13.476929872499154,52.42139659048644,13.488894546553167,52.404957283139595,13.572070678708506,52.44588403919983,13.580644095079135,52.53489633151624,13.596814148030145,52.63230203644247,13.500621527220614,52.671094569154775,13.428431542475368,52.63604504815754,13.435680468770572,52.6717481265348,13.302907050553005,52.61911003518882
13.237052248107197,52.64569122855304,13.161288580753528,52.605192754441845,13.198501531456161,52.52861011326608,13.129504783379403,52.48708334879735,13.190983244156781,52.484899717212556,13.256634204257391,52.37500713939486,13.458332242063276,52.35226323527922,13.468346416642728,52.428928748667694,13.536307357785434,52.461787340479326,13.578969965242944,52.49928751125262,13.685158861496825,52.531595586133555,13.516013906587078,52.59230453424091,13.499134792823057,52.61148984273025,13.237052248107197,52.64569122855304
13.272665223290835,52.67080369097848,13.282074349593747,52.58484433536321,13.228867224728358,52.53302834203087,13.22763257599216,52.51799106017257,13.248008675027908,52.49429938465096,13.13530824683753,52.472601890268926,13.276643644709274,52.433055108961646,13.376238337531431,52.39532379159927,13.409067598760826,52.3761373869258,13.494873540111453,52.39673717679705,13.619533400773934,52.40997875644583,13.607311032485335,52.44572463612274,13.552162116692953,52.51207756726529,13.655656701632658,52.53040689753051,13.562787209211569,52.543834287703724,13.672344487515103,52.572508084167524,13.56921818839793,52.64745508161909,13.473146644040039,52.68578296717524,13.272665223290835,52.67080369097848
13.316086717374375,52.613434021301686,13.220350836943592,52.57702323391809,13.224240999021356,52.559855681307056,13.173489509953932,52.549698078110914,13.174985589099032,52.43884487303118,13.224986314411742,52.38897533270809,13.33797770340128,52.439857927855584,13.419091792852306,52.42145722050225,13.478024415782045,52.36437742286687,13.46993093325568,52.38167181818146,13.563169092193352,52.438971172439096,13.599200415847328,52.47678582384328,13.656085322386868,52.52507686785335,13.65195704617555,52.580390719443315,13.663837351414363,52.586489588559786,13.532751525569287,52.59490482659129,13.497631746780504,52.65242367882125,13.316086717374375,52.613434021301686
13.22769609701677,52.65266671030912,13.28782294374888,52.58866860086374,13.213093851969857,52.63230203644247,13.259949035029281,52.564829651505825,13.229383990020104,52.50485770740897,13.235460114337755,52.433174833598144,13.292529757889154,52.41436079864823,13.313864595269841,52.35841012930925,13.365110323907894,52.40564329119568,13.549103602155396,52.373454081417925,13.546945299138534,52.49513334060337,13.55253242905647,52.515208531090686,13.541469587725759,52.57380716749,13.585997289412555,52.65076407538773,13.22769609701677,52.65266671030912
13.300652074337934,52.668970665644466,13.240035412389265,52.5801065500157,13.158885078275947,52.60259219300717,13.24240872846057,52.51816917623056,13.211980074862979,52.47472962494836,13.215224265282625,52.45037738882244,13.239988409040675,52.444120631054105,13.220639521775203,52.40341833416925,13.332978127500848,52.42139659048644,13.408041715880172,52.41210480356003,13.511999203337039,52.39175037469534,13.544889935852131,52.37194554295195,13.583986046626444,52.44058054278447,13.625463162659633,52.46823582386309,13.621942805751324,52.54785561673326,13.615998630562318,52.56150530711571,13.545728848549343,52.599657275349266,13.472502307458477,52.63903335479935,13.300652074337934,52.668970665644466
13.283049296270574,52.621803800463496,13.174370522416384,52.55215162142243,13.139500418074284,52.5310021586489,13.160331157262855,52.48536311329817,13.268508933671214,52.39170849007817,13.284520075521556,52.40681057007863,13.438713825948904,52.414066363854154,13.490753786460624,52.42558819776131,13.54022769997257,52.40206074341366,13.562615345606227,52.4959699950505,13.654440900168197,52.53837675692476,13.556578874409663,52.605777295683716,13.507773798105555,52.58465428667282,13.283049296270574,52.621803800463496
13.298122004969974,52.62788067227603,13.1924789418528,52.63191868417313,13.138978233317976,52.51688372305918,13.240663451085592,52.4794661614611,13.185967308740505,52.465902035360415,13.327377306506387,52.422985006813406,13.456686513120816,52.4167926379102,13.50899472082717,52.43265333886941,13.545591065794431,52.470460891189454,13.607229819299235,52.46496635673797,13.642250524004847,52.46999512143604,13.656192316549271,52.467038475278066,13.6390203278521,52.49975022948593,13.578523052316935,52.54231764139357,13.595012144551823,52.62015643610111,13.516294456356363,52.64700349922323,13.298122004969974,52.62788067227603
13.289979105730193,52.64580172843298,13.17982555595617,52.564258508529065,13.14047981174894,52.50279131536879,13.22163307747428,52.415598020247245,13.286910750738533,52.42782042175075,13.356928929891593,52.434964737634566,13.437231446457469,52.395647674839275,13.584921685588258,52.38897533270809,13.563903339941035,52.49933275478176,13.64114475708065,52.52730265394483,13.53177435600103,52.566257771110735,13.53263241664398,52.619152944927315,13.492389333126164,52.62414403116465,13.411158888911963,52.627859689703826,13.289979105730193,52.64580172843298
13.300498934576655,52.60726907220633,13.291585816435648,52.57776017788281,13.125114826233649,52.53456949924075,13.208339962890317,52.48093719587173,13.213254744874845,52.452402834791414,13.24048686443095,52.45967885887587,13.27759187555524,52.44497199902882,13.243879904061131,52.402780983637605,13.339403443057002,52.410127693233,13.439045145515355,52.350404629639044,13.43868133949041,52.42323857829428,13.61309769310241,52.4054889714693,13.62630940292536,52.51274047272036,13.565860292326363,52.56550635870143,13.513525640594107,52.667840272755626,13.455151113430556,52.6421615134107,13.300498934576655,52.60726907220633
13.335927028986298,52.62913353858178,13.217799648269528,52.622159492519366,13.24849864194702,52.60250513626467,13.185883379756346,52.540907580436276,13.2543427539336,52.48285325063401,13.230903686336886,52.397708268476826,13.33866605233944,52.419928073281994,13.309259407385722,52.359401981988675,13.342022857297232,52.35349857121216,13.438713825948904,52.414066363854154,13.480941765574588,52.442895726951214,13.53653912657498,52.44772230875142,13.611869227270478,52.51982658776454,13.57785998601358,52.544157477448564,13.590670736885555,52.55012074396814,13.572855751892805,52.64569122855304,13.52093543243381,52.62433042100247,13.430242664391034,52.64497085920639,13.335927028986298,52.62913353858178
13.344893468981518,52.677720812698766,13.246154926917121,52.60083108585451,13.173489509953932,52.549698078110914,13.145953611564899,52.48330953796378,13.194632990610081,52.43655335520828,13.349466865438798,52.42703455778537,13.474096369671557,52.420647229994515,13.541540655737558,52.38117175400761,13.578217496853242,52.451307548883804,13.602662431699397,52.483031108020384,13.599581579902651,52.5629095596132,13.639812787507303,52.574563768425726,13.594201196236401,52.571066411105164,13.507474629712876,52.65962992226242,13.344893468981518,52.677720812698766
13.239681959841903,52.6352756696745,13.275559534401943,52.563536480564444,13.1811243051148,52.56664254332778,13.200677800912604,52.50013521186716,13.270341424108596,52.464612196666046,13.277850961303788,52.420724287327744,13.392098847589697,52.430416360929144,13.467300068552236,52.43848437873844,13.49838664270391,52.39771080607613,13.603944306344097,52.46070446582897,13.631312410308542,52.5618610459529,13.584633456270467,52.599162350700865,13.481431215501486,52.6073283167559,13.502407947257229,52.64121280451752,13.239681959841903,52.6352756696745
13.347404208390488,52.650294771917125,13.180160048012995,52.62262726255784,13.24732490321753,52.58696028563292,13.227597962093064,52.51987445214881,13.139336417555917,52.511237619336306,13.201283609183378,52.497968953804644,13.246624579845017,52.49764795519721,13.251752800251023,52.44954868790391,13.204712627126538,52.42782946091998,13.295154406991367,52.38254423647728,13.330063836942664,52.412365432531374,13.444755284748041,52.41484766564885,13.54291003986448,52.438712916664535,13.60978498033702,52.40329601399587,13.670929766682024,52.51688372305918,13.62676937865533,52.62499882513834,13.534102427538626,52.64061440102029,13.347404208390488,52.650294771917125
13.316240836150701,52.602939689041854,13.217630611409003,52.546158641017826,13.175685536220197,52.48497486681031,13.213254744874845,52.452402834791414,13.26050747121138,52.38415663931227,13.359370932217136,52.434467663331745,13.469581808871652,52.390985528927686,13.590572759109635,52.44639077126158,13.536519695139173,52.47910565901535,13.578969965242944,52.49928751125262,13.677682274282809,52.561031267569405,13.511899551564388,52.60614650102742,13.467665247583792,52.63053274862358,13.407797759821563,52.61891727582147,13.316240836150701,52.602939689041854
13.341544062960569,52.68648179832616,13.246154926917121,52.60083108585451,13.258686826334594,52.563282950641124,13.129504783379403,52.48708334879735,13.275027057368481,52.422089156940395,13.344178546243887,52.42826939732137,13.3473461580984,52.41795395547887,13.357523273269571,52.42539469562276,13.514753593008633,52.38254423647728,13.496107395566002,52.42746763926752,13.606410369350051,52.40113856707284,13.581847699152696,52.51234710366805,13.650192363444223,52.58300459359869,13.54764156297468,52.63483821461794,13.341544062960569,52.68648179832616
13.282817307357151,52.643283334095074,13.2626059731392,52.567881663934514,13.131098631217077,52.55812883036778,13.19000409465051,52.48717735020552,13.267245591283999,52.467504550544845,13.33797770340128,52.439857927855584,13.419091792852306,52.42145722050225,13.568267051326197,52.39233283201428,13.61309769310241,52.4054889714693,13.59706930011631,52.521891871564605,13.669183519868945,52.578154473432335,13.53546097647116,52.61778193943843,13.282817307357151,52.643283334095074
13.30557516106228,52.60943401961787,13.229212829456698,52.58659651207261,13.165457600854095,52.59072820842345,13.163664597959553,52.477620749694715,13.215224265282625,52.45037738882244,13.335692675272998,52.44058137150462,13.416269370828502,52.421322060088954,13.550969583781754,52.43088871503959,13.579322585065468,52.436827035364715,13.628698074322724,52.416962853004186,13.655909253186925,52.52774302069782,13.597008757586057,52.567016558038155,13.554522142181021,52.593487845471,13.528374145260115,52.59757304242586,13.538492980821651,52.64958559006639,13.442067001369583,52.662121125396695,13.30557516106228,52.60943401961787
13.339566629466159,52.65830637522713,13.293260238864335,52.5789552927532,13.159012610719746,52.551538773844186,13.14047981174894,52.50279131536879,13.267074918109245,52.48769804055079,13.166230040563418,52.44880394750969,13.229603159054527,52.42359502649856,13.377276468020636,52.413413829949796,13.416269370828502,52.421322060088954,13.522857249626846,52.39533463186734,13.610359569674452,52.432137879789856,13.558560461308673,52.487700563227385,13.565998714419425,52.53366549071175,13.663315469430884,52.55888772845995,13.5523908657575,52.5950649887888,13.526858703729427,52.621803800463496,13.339566629466159,52.65830637522713
13.341249009367699,52.62074061616798,13.171641563070455,52.6153279300471,13.14027600967823,52.53663273758267,13.198291343865911,52.526416409512585,13.214700443186036,52.47065932341573,13.244063784233173,52.41466216182861,13.331883584217957,52.36437742286687,13.414213413302209,52.41223594397635,13.451316270201062,52.40655889530112,13.501350647041594,52.42945963126187,13.532818973007366,52.47497196871134,13.565123159759377,52.53707714222166,13.659876276308882,52.591946771335856,13.569872587610737,52.5801065500157,13.480997835748356,52.64674557079671,13.341249009367699,52.62074061616798
13.268837198271454,52.602598177481106,13.150031723691118,52.591946771335856,13.265116162951717,52.54920369123326,13.168529182707005,52.517260195392616,13.142347245482208,52.494392985683206,13.265760136660784,52.468974945066286,13.2723596993182,52.3797423610233,13.34532318937426,52.362263003790126,13.378284070854512,52.40422996532062,13.448715047124137,52.351231507186235,13.43868133949041,52.42323857829428,13.569919590959325,52.444120631054105,13.626626910753656,52.52215424293149,13.521566521508747,52.575317522665685,13.4993805518422,52.66172172570102,13.463339050730772,52.6123474553705,13.268837198271454,52.602598177481106
13.35001947274885,52.62263098815075,13.206763386923361,52.6281592598461,13.206763386923361,52.6281592598461,13.219237263114445,52.55012074396814,13.189684515020913,52.55244668004929,13.242377579689448,52.519895622954074,13.130499398347894,52.48416328150061,13.206211245129145,52.485136323946044,13.266794599616835,52.42636076041737,13.291239138154245,52.38373113353952,13.3589244922078,52.36057944584015,13.485312068251286,52.44455629561967,13.622351761147602,52.46358476879273,13.6667782771196,52.491608181494655,13.639233811324914,52.53980161806972,13.545908100166605,52.56938604288355,13.524051243959459,52.67480921279058,13.428198513525702,52.65416398302986,13.35001947274885,52.62263098815075
13.345429970822774,52.631181837818794,13.285870109860896,52.5874142618339,13.159012610719746,52.551538773844186,13.257185000116037,52.518345452179794,13.166253903817093,52.472522733395046,13.26501806414787,52.37194554295195,13.430330184750108,52.42229684052946,13.473876890128416,52.38238284768259,13.509311173554721,52.45636941532481,13.576939632707246,52.49377442777023,13.582217194558709,52.523640904584035,13.649960131211367,52.554145777169516,13.547793068604648,52.623259235160106,13.538249516197308,52.616381106313334,13.46996247174384,52.64899306324449,13.424811514730914,52.61819334327196,13.345429970822774,52.631181837818794
13.252568379225275,52.63013659692316,13.203872142689455,52.61184519701152,13.140784933078631,52.53944099155554,13.210707584152672,52.47678582384328,13.279988277945046,52.39791417164416,13.387487937012272,52.36749345729804,13.49838664270391,52.39771080607613,13.501350647041594,52.42945963126187,13.619903905349492,52.48717735020552,13.551354155367285,52.53243284260391,13.545908100166605,52.56938604288355,13.557339620774727,52.63013659692316,13.464478029177227,52.631181837818794,13.252568379225275,52.63013659692316
13.343924243839789,52.61171334334428,13.215723810706509,52.60645238941815,13.14047981174894,52.50279131536879,13.221475434533144,52.4444308081013,13.301594262545446,52.390633091127455,13.450748598201903,52.415756790254164,13.565510982445451,52.37992867980773,13.671702522722706,52.466904797562094,13.668533569870611,52.542243412812695,13.670804646547698,52.5753396713295,13.52349336573062,52.61207565105919,13.496093931157798,52.590839552706306,13.48933522775411,52.634997023281564,13.343924243839789,52.61171334334428
13.289979105730193,52.64580172843298,13.26597310772743,52.550684262633034,13.232763835604695,52.545989991423404,13.201127250339574,52.46712282268859,13.205963693655903,52.46070446582897,13.249755558342958,52.45118633796602,13.352089293787708,52.436036300709134,13.45842776024288,52.38910373527691,13.446940657523601,52.42444498231817,13.569367904812456,52.429628361388076,13.551909701824652,52.51051551130229,13.596635154020648,52.604429691680345,13.507773798105555,52.58465428667282,13.437494551571655,52.68067382697082,13.289979105730193,52.64580172843298
13.310527448157801,52.66172172570102,13.180160048012995,52.62262726255784,13.22923905873877,52.567429323688295,13.264479730346627,52.49213323952039,13.28170257401885,52.43038324133783,13.414716359961883,52.349239582087165,13.485585233602208,52.38476579605791,13.497817925497746,52.45008019905126,13.570384563644422,52.48121703163935,13.566362900128478,52.53195321181499,13.570676079835584,52.558565917956955,13.576355316871332,52.57296017413625,13.496259496461887,52.67208742613116,13.483010190703482,52.67478599399393,13.310527448157801,52.66172172570102
13.32003872938924,52.59364476972963,13.203688904849416,52.62603808899176,13.171859174618957,52.598258333857174,13.271995757874475,52.55935622593412,13.15458026921164,52.533067686426534,13.198584058960343,52.511044817998204,13.261618371487973,52.49816383252672,13.20429049452309,52.46282668802993,13.21759421571583,52.39287675684623,13.408811284765688,52.38512924191665,13.494945035179331,52.416745810015264,13.577312275207769,52.385233240778845,13.528205425981152,52.43038324133783,13.561376659487111,52.42451625426886,13.563283420154985,52.49764795519721,13.659876276308882,52.591946771335856,13.4686589906323,52.62074061616798,13.43604384380461,52.617110773076604,13.32003872938924,52.59364476972963
13.293126533322033,52.60382288351187,13.156261820325133,52.57775850514273,13.211980074862979,52.47472962494836,13.267245591283999,52.467504550544845,13.323031710633991,52.36602361890702,13.378018159564746,52.38611120534341,13.498773164015208,52.37821761296789,13.585723712401988,52.42737742207182,13.626918702667105,52.47058542598147,13.61172250101278,52.51543280705442,13.582310037906938,52.51987445214881,13.554522142181021,52.593487845471,13.425565163450885,52.60906215977664,13.293126533322033,52.60382288351187
13.332566752392975,52.64753376393594,13.25332912559034,52.605777295683716,13.27842896316088,52.582195375669556,13.165457600854095,52.59072820842345,13.141644619267499,52.497185675943676,13.15518849909933,52.4421698953531,13.259740128768435,52.40652994239559,13.30336660872623,52.42081659730902,13.429334186155685,52.34978359854078,13.422936588685674,52.39457971602945,13.561376659487111,52.42451625426886,13.62630940292536,52.51274047272036,13.631004941963381,52.605574225466896,13.57004490419314,52.61015688271996,13.520096375446307,52.58990200985366,13.494046104870598,52.59179661384436,13.332566752392975,52.64753376393594
13.239681959841903,52.6352756696745,13.291585816435648,52.57776017788281,13.148011867820411,52.58922869681325,13.154732097761146,52.50641832348685,13.251752800251023,52.44954868790391,13.374286659895693,52.43203610344184,13.413179956706095,52.37620291195517,13.488525907941762,52.435181925593966,13.633177302920918,52.4825455177558,13.567288485609678,52.51471858949003,13.667481587577852,52.58095162975133,13.593399996393536,52.64683968343358,13.239681959841903,52.6352756696745
13.281199037801677,52.609502210814654,13.15464873899289,52.57510875572008,13.234352881380266,52.54963081886119,13.205963693655903,52.46070446582897,13.219213016800952,52.464668345921766,13.291072055006882,52.404321873519706,13.402379853225858,52.43008850854388,13.518668861845756,52.38373113353952,13.493332731357677,52.43700823463952,13.566815169305734,52.47600206603461,13.586464632077416,52.48180531100762,13.582089751702961,52.52552281762241,13.621942805751324,52.54785561673326,13.544471092647049,52.57087538915974,13.556490189609741,52.61856873885548,13.281199037801677,52.609502210814654
13.304387099607466,52.63008348421553,13.282074349593747,52.58484433536321,13.1455239047425,52.55613818024646,13.210707584152672,52.47678582384328,13.28113914188843,52.47096177796721,13.256634204257391,52.37500713939486,13.368080341269936,52.37788134134233,13.49327108333008,52.38656021646689,13.497887172753304,52.41771716671489,13.511480761010315,52.433771485635745,13.569919590959325,52.444120631054105,13.624335803628208,52.445683958091145,13.552214653012665,52.52775373678898,13.642389014359898,52.59326078477416,13.57263464464974,52.5938937969848,13.499132355475597,52.63215190028909,13.304387099607466,52.63008348421553
13.20933688612209,52.64276050174901,13.245428760198553,52.58527614649859,13.230366853061442,52.50113864753614,13.247292654393773,52.4959699950505,13.26949803611107,52.42490781996539,13.312090074502256,52.45008019905126,13.361844511874212,52.40608378585926,13.396215700492016,52.36721513754643,13.443335022860762,52.38715194399079,13.472137222791533,52.40094239927194,13.536307357785434,52.461787340479326,13.569244548914408,52.4794661614611,13.567108924295196,52.512995500288405,13.626626910753656,52.52215424293149,13.545606101081178,52.54771424547281,13.532751525569287,52.59490482659129,13.511785995030026,52.62788067227603,13.20933688612209,52.64276050174901
13.251510969815628,52.66321261297061,13.233137923853057,52.59028796027372,13.242619514390322,52.51471858949003,13.179472205418714,52.45277226614444,13.26949803611107,52.42490781996539,13.404954000000002,52.35812911093462,13.504273166105605,52.369874754097985,13.502619465928,52.440961429214376,13.569360188211684,52.40450933419278,13.585901417289428,52.40147873779701,13.644985194451122,52.475064866782596,13.566274337692203,52.50784134243946,13.54710562347309,52.54471055170848,13.583276924004482,52.56366904485838,13.58914715093941,52.62413140503551,13.505224124404778,52.59791895454165,13.56921818839793,52.64745508161909,13.508669362169107,52.62899871255618,13.251510969815628,52.66321261297061
13.349442094542276,52.67833452119178,13.239863095806863,52.61015688271996,13.227597962093064,52.51987445214881,13.213321961530866,52.5116968762056,13.302436563871462,52.45527087823174,13.391081832888544,52.358350145658804,13.503928894682081,52.43049708524858,13.562102630386622,52.45284494945187,13.645176921457498,52.43175831345214,13.611848061301483,52.52202397759212,13.622703254383392,52.545547092384616,13.58955716305641,52.57702323391809,13.478910688094293,52.60812714513448,13.349442094542276,52.67833452119178
13.279292140799143,52.641967484241434,13.214623220383599,52.58933227379619,13.15458026921164,52.533067686426534,13.225750740344509,52.477974127804764,13.169941770076472,52.426710794848596,13.295571134074281,52.41318296779398,13.447854015034668,52.39684552935767,13.600642065718883,52.4393823158921,13.670987388000517,52.519708768007426,13.584405177126293,52.58282397088163,13.495289324247898,52.66270284112039,13.279292140799143,52.641967484241434
13.233466270176914,52.64388901746946,13.196409904080099,52.56596180661466,13.246004660058965,52.49933275478176,13.162479675891912,52.48018960591787,13.287063374832922,52.46582585163756,13.328202777323716,52.383930070085505,13.347926603547418,52.38037599532745,13.435621340104307,52.43203610344184,13.493443982775245,52.426513704265524,13.529919722054954,52.39791417164416,13.599788744096001,52.42363331557277,13.521272962586854,52.46458216163191,13.566601767356294,52.50955635328197,13.685158861496825,52.531595586133555,13.642788826671177,52.56954323861673,13.655603093460757,52.597316497980884,13.524668247856837,52.57280746520545,13.595012144551823,52.62015643610111,13.59024813234656,52.63630783856542,13.233466270176914,52.64388901746946
13.258988613937595,52.633305421845144,13.170674188675086,52.53980161806972,13.183527442345044,52.5268604501943,13.19554667878503,52.47590349602406,13.196479839461777,52.45227068559422,13.279154064556241,52.43170574331406,13.250689082866083,52.399431732686296,13.344951726880863,52.437834689367676,13.383131295763055,52.367702086980856,13.468367471058096,52.41923933792778,13.518024233979048,52.46214579080804,13.596314129226762,52.50966312934688,13.51996193653451,52.57654746423743,13.527136775415343,52.65366019492486,13.258988613937595,52.633305421845144
13.335498236275146,52.61932629727868,13.255814424903303,52.6073744022164,13.283743552869298,52.571528116731464,13.140784933078631,52.53944099155554,13.24780536961338,52.45284494945187,13.355035281513649,52.39783136862673,13.491265851437444,52.366916968989514,13.50369926059677,52.45313324222261,13.542833081890755,52.48769804055079,13.647865497806489,52.559328001365344,13.628783694885202,52.56664254332778,13.4936671638493,52.602939689041854,13.409874032648592,52.690851978943485,13.335498236275146,52.61932629727868
13.226453435301721,52.64017174749859,13.259350809921383,52.5355342462217,13.148823514791859,52.45023066677298,13.243092830694266,52.47600206603461,13.211343348588406,52.45444888894838,13.298645587408583,52.41203761292596,13.342607931447768,52.43848437873844,13.424466963529865,52.3495505188537,13.532000912705804,52.36769152575299,13.493332731357677,52.43700823463952,13.590415087283668,52.48960297766689,13.623164439137682,52.49638143348655,13.665373502471565,52.55337770366745,13.569872587610737,52.5801065500157,13.507446176402988,52.59684225417562,13.226453435301721,52.64017174749859
13.272665223290835,52.67080369097848,13.229212829456698,52.58659651207261,13.187965194248678,52.54785561673326,13.129504783379403,52.48708334879735,13.145953611564899,52.48330953796378,13.226016365268197,52.4569194098256,13.364295605528797,52.43355168183108,13.339977066744321,52.38167181818146,13.467350455590458,52.40944827406479,13.527626227760383,52.366365477916126,13.555565246066402,52.48285325063401,13.675178517684424,52.56679802212214,13.550440697899193,52.58181747070769,13.43887703072611,52.625937984427324,13.272665223290835,52.67080369097848
13.33970499469875,52.6676643624485,13.163766738193448,52.60776739371096,13.141644619267499,52.497185675943676,13.179472205418714,52.45277226614444,13.31896565869065,52.43608231762532,13.34443418960108,52.418581232296916,13.45273258289785,52.369921603304235,13.460441134561204,52.42703455778537,13.491683267817685,52.447218615065744,13.558617137651602,52.422869650554986,13.626061405659664,52.51039092914337,13.565585427532634,52.5353736411239,13.556854792349048,52.55536151743586,13.583056145856844,52.62797938837635,13.450966432994644,52.62423945153192,13.33970499469875,52.6676643624485
13.275160915845744,52.65098392523138,13.193909369437684,52.56150530711571,13.242581248759704,52.525073266548,13.184444837340369,52.46823582386309,13.298427238989687,52.433771485635745,13.42830784592132,52.403964331003536,13.461283168969166,52.37102734440089,13.545049825788153,52.39317696542762,13.65691773795983,52.4448341503179,13.596954766138444,52.515771483856106,13.663315469430884,52.55888772845995,13.525954282594423,52.58613937662786,13.509409065423345,52.60726907220633,13.47217506241463,52.600118128730166,13.275160915845744,52.65098392523138
