304, 5020.864756905971, 7292, 5081.001553364184, 11982
200, 3453.9602572466097, 4796, 3461.6157627262796, 5244
180, 3122.427653450989, 4316, 3102.4913994070644, 2866
353, 6192.63017127183, 8464, 6190.9376653783875, 7375
564, 9298.408682623902, 13528, 9358.505417169421, 6856
230, 3948.0309184768234, 5516, 4002.955420327247, 9366
169, 2565.412486230116, 4056, 2675.78867660983, 13060
195, 3412.793628761317, 4676, 3333.95228022526, 10984
8, 116.32115937207769, 192, 104.83190785951092, 1065
28, 407.82814880501303, 672, 427.1945432551877, 2406
22, 319.34901542870733, 528, 297.1256019706467, 1549
363, 6205.583838760808, 8704, 6157.542820581962, 4995
414, 6966.551525042345, 9928, 7061.0119495118015, 4469
517, 8333.325146323512, 12400, 8352.474004872976, 8681
26, 365.3521096037428, 624, 375.36331905570705, 4654
439, 7134.36752166516, 10528, 7102.906171695769, 8759
2, 28.389152884406084, 48, 52.04596444425925, 712
357, 5079.841922436958, 8568, 5087.185041684564, 6466
759, 11646.977353103144, 18208, 11643.371883048245, 15733
62, 878.2066379013605, 1488, 895.5390358775837, 3205
1, 13.838750283912267, 24, 17.65791405024546, 797
69, 958.8527738565826, 1656, 960.5489979383517, 12967
69, 958.8527738565826, 1656, 960.5489979383517, 12967
2, 27.76697495066211, 48, 19.569453602195864, 425
297, 5035.5450688481305, 7120, 5088.680391391989, 29689
2, 28.093786330228994, 48, 34.75052973077946, 1723
305, 4290.572769054901, 7320, 4290.72841386975, 10575
13, 180.48530451011436, 312, 181.48781898791387, 2669
430, 5986.069161683389, 10320, 6020.356080934793, 8433
6, 83.25621212738356, 144, 59.05546535803783, 212
1, 13.853670833733013, 24, 5.664988626470409, 217
1, 13.823821593111937, 24, 10.148817514038532, 502
3, 41.45652795633806, 72, 28.73652830722394, 297
7, 96.60241360516643, 168, 82.65857553153506, 466
1, 14.165106311579777, 24, 5.479566648036438, 24
368, 5139.821740540671, 8832, 5094.157820718323, 6095
3, 42.406808547287035, 72, 27.491116813861705, 315
368, 5139.821740540671, 8832, 5094.157820718323, 6095
3, 42.53953664312995, 72, 31.755092753752766, 286
3, 42.45107622744942, 72, 17.418331748209496, 184
3, 41.60574970139041, 72, 37.251101380133214, 270
1, 14.165106311579777, 24, 2.609277881691163, 156
480, 6852.840190823188, 11520, 6871.861611062498, 4996
2, 28.241677280195805, 48, 17.44867257887628, 225
1, 14.135602849095678, 24, 19.94275020835005, 389
1, 14.135602849095678, 24, 7.894087914205282, 88
471, 6744.64968719001, 11304, 6687.502547923497, 9684
73, 1047.4199411555392, 1752, 1078.362881768795, 2735
506, 7295.533874225573, 12144, 7339.716550620567, 6948
81, 1180.310313019426, 1944, 1165.0667724751474, 2099
377, 5507.436739418156, 9048, 5464.176918154039, 9241
184, 2696.1561042555245, 4416, 2774.4956121076966, 9423
203, 2998.9591485880114, 4872, 2984.7689214795805, 9707
288, 4768.600210678883, 6908, 4820.163322499688, 9292
288, 4768.600210678883, 6908, 4820.163322499688, 9292
299, 4520.8926460626235, 7176, 4568.664599303393, 5463
311, 4706.932337816811, 7464, 4667.226982672817, 7418
381, 5657.866484693156, 9144, 5681.851601234007, 8097
394, 5773.339471236564, 9456, 5832.380771925568, 6524
595, 9132.29281476678, 14276, 9004.694702771383, 5195
595, 9132.29281476678, 14276, 9004.694702771383, 5195
37, 553.3934578548412, 888, 529.113657102431, 2100
91, 1363.3715672908575, 2184, 1337.1873117643343, 5045
47, 703.4101902065393, 1128, 707.8639428936273, 5798
40, 594.6500156038304, 960, 588.0093362720764, 4421
69, 1024.872635252166, 1656, 1062.975457239419, 7610
126, 1864.2551055262372, 3024, 1895.8090640619384, 7673
96, 1887.82559126156, 2300, 1927.2359879059384, 4953
305, 4476.679087578308, 7320, 4444.838861628335, 6298
63, 948.872697945625, 1512, 939.4125964610255, 2944
532, 7726.968067503442, 12768, 7709.291463701512, 8825
100, 1504.4057401762311, 2400, 1543.9993460178862, 10407
194, 3100.8645170385344, 4656, 3139.359181158411, 10429
194, 3100.8645170385344, 4656, 3139.359181158411, 10429
1, 15.176237986056885, 24, 12.141364931635557, 358
130, 1962.1678581918652, 3120, 1943.1758173400826, 7908
225, 3411.8559579744333, 5400, 3404.7185219970856, 7998
311, 4779.397856106172, 7464, 4705.78284403877, 11608
174, 3158.619834255108, 4172, 3164.6175826776835, 3850
272, 4149.412813541315, 6528, 4173.622088251717, 6186
192, 2890.2752239981946, 4608, 2950.273279578666, 7980
114, 1702.911580045195, 2736, 1646.2107157427822, 9430
295, 4383.966758212348, 7080, 4336.286089960636, 13060
16, 245.07479645889282, 384, 210.73785803674548, 1125
66, 1007.1490637336874, 1584, 994.5774251720596, 2204
186, 3325.9521308288477, 4460, 3343.790929984614, 8628
130, 2005.4815609990035, 3120, 2000.7106927581815, 4534
132, 2018.8667736885604, 3168, 2029.4236469584469, 4346
254, 3951.8864796127586, 6096, 4024.2244827397776, 7430
207, 3210.7330997122212, 4968, 3216.168290820496, 4183
40, 620.8656055143381, 960, 638.069451307576, 2193
66, 1024.9274332749274, 1584, 1009.8647091609638, 5384
66, 1024.9274332749274, 1584, 1009.8647091609638, 5384
22, 346.3670080877468, 528, 355.4518572268901, 2903
103, 1619.346222702735, 2472, 1624.2510874433706, 11319
103, 1619.346222702735, 2472, 1624.2510874433706, 11319
276, 4377.800199314329, 6624, 4411.779984702221, 13229
181, 2848.350510066323, 4344, 2834.2132708284366, 13319
308, 4803.741880251597, 7392, 4882.507433948802, 18351
89, 1398.0707289787595, 2136, 1407.5205643934614, 6494
185, 2897.5248541176197, 4440, 2888.5032125558096, 8912
1, 16.076044883648542, 24, 7.618605101271776, 302
136, 2154.8422270822707, 3264, 2144.938888356071, 3525
257, 4118.954114148249, 6168, 4146.461088837607, 6112
10, 159.27880171503512, 240, 134.8676551336499, 987
3, 47.80683474499612, 72, 49.109863364206426, 700
7, 111.64926347941945, 168, 126.64956536470325, 1348
206, 3303.260690928349, 4944, 3332.9953175235855, 23703
206, 3303.260690928349, 4944, 3332.9953175235855, 23703
286, 5583.721986395136, 6856, 5553.119246653375, 21498
264, 5166.422726916277, 6328, 5124.988887794121, 20776
245, 4372.528206181474, 5876, 4387.826333409835, 20972
385, 6104.577991895367, 9240, 6080.52146916444, 28436
239, 3838.61187728035, 5736, 3887.5048428106134, 22401
239, 3838.61187728035, 5736, 3887.5048428106134, 22401
301, 4819.538075320806, 7224, 4846.070647466977, 17998
224, 3548.3148716851906, 5376, 3542.7373405859007, 12406
77, 1196.474697411625, 1848, 1244.4479054234, 13301
463, 7199.682350222586, 11112, 7151.436029223802, 38314
343, 5327.378161480637, 8232, 5343.060653638009, 22999
230, 4084.1349697954875, 5516, 4074.7581526639183, 20905
360, 6156.480169109508, 8636, 6214.487864898328, 26777
235, 4080.2228305329736, 5636, 4057.3580012244083, 26555
255, 3906.360843559121, 6120, 3882.1960100996203, 21210
532, 8178.038298026718, 12768, 8210.425580740102, 19299
191, 2898.7674863272864, 4584, 2916.3074653080944, 9067
431, 6465.714663804089, 10344, 6477.5146096596445, 5973
431, 6465.714663804089, 10344, 6477.5146096596445, 5973
4, 60.03795323495978, 96, 74.08938245770649, 1240
4, 60.03795323495978, 96, 74.08938245770649, 1240
4, 60.03795323495978, 96, 74.08938245770649, 1240
8, 120.04740631408127, 192, 120.84661891405314, 3287
3, 45.10320498246031, 72, 51.06998649330036, 1234
5, 75.1008462323957, 120, 69.61214375216731, 1579
20, 299.69091650331853, 480, 268.3158775196397, 2973
30, 448.1661296480387, 720, 451.49806620228054, 852
3, 45.03202523879956, 72, 39.176051334229975, 368
5, 74.98688974704365, 120, 87.60620720112917, 553
49, 733.4648315164603, 1176, 699.6387302008218, 1611
40, 601.3327943406535, 960, 673.5599173309123, 2744
25, 374.73463898020725, 600, 375.97936441237164, 1439
86, 1744.4279924092853, 2060, 1712.4377507819127, 2212
37, 547.1323369087552, 888, 530.3776542612316, 1058
94, 1389.9126930883801, 2256, 1345.7429420556018, 2221
80, 1184.6929018894252, 1920, 1226.3708030900975, 1527
6, 89.47886384747238, 144, 98.04776854339451, 709
6, 89.62182229423466, 144, 110.80912059328351, 1095
7, 104.39914170966406, 168, 88.63363278075559, 529
7, 104.59926770584968, 168, 125.52966601077762, 476
47, 703.3095596028586, 1128, 748.4012991943795, 2619
7, 105.35457362751052, 168, 93.08239051060647, 1254
51, 768.4880768784257, 1224, 764.731560443107, 5643
81, 1207.611382918638, 1944, 1222.4559895876325, 1677
64, 962.6552330052405, 1536, 964.533455271736, 8803
3, 44.73228049008773, 72, 49.05164442949487, 295
11, 164.09454721485727, 264, 140.66969861628456, 918
8, 119.63382795310713, 192, 118.95259127222621, 1466
23, 342.0216010762854, 552, 346.32569984779224, 1068
25, 374.60649414302196, 600, 375.45355345779944, 1721
87, 1305.8823440276997, 2088, 1295.357676381675, 4123
57, 852.6128979803669, 1368, 886.345857905763, 2066
105, 1561.4475983999814, 2520, 1605.2064392887341, 1839
77, 1142.7293932093287, 1848, 1076.0839822619764, 2086
49, 728.3310868847035, 1176, 742.5328634510785, 1057
63, 939.4486769604084, 1512, 964.4692605145915, 2206
29, 430.5831988937773, 696, 439.4388654829808, 2477
1, 14.805627414984746, 24, 10.192139701543256, 113
31, 458.41362429186734, 744, 469.9050560164178, 611
87, 1287.1257035780895, 2088, 1268.2431761554399, 3359
87, 1287.1257035780895, 2088, 1268.2431761554399, 3359
87, 1287.1257035780895, 2088, 1268.2431761554399, 3359
2, 29.639982973948367, 48, 34.363620339721585, 361
8, 118.37314670977476, 192, 143.82152141824778, 1053
78, 1161.7067949109583, 1872, 1145.5470573128541, 2657
78, 1161.7067949109583, 1872, 1145.5470573128541, 2657
78, 1161.7067949109583, 1872, 1145.5470573128541, 2657
78, 1161.7067949109583, 1872, 1145.5470573128541, 2657
78, 1161.7067949109583, 1872, 1145.5470573128541, 2657
72, 1078.0313217177115, 1728, 1070.685983783368, 1869
27, 405.4874986303083, 648, 365.57768244690345, 1274
50, 740.3381479121529, 1200, 759.3640249075993, 1467
50, 740.3381479121529, 1200, 759.3640249075993, 1467
3, 44.531733776450196, 72, 35.950664264157105, 261
2, 29.62561890195893, 48, 29.959339923214976, 185
63, 928.7110382985875, 1512, 932.9586398670026, 1596
63, 931.5033297201958, 1512, 975.4548615081648, 1413
1, 15.162094391126486, 24, 3.413364721296652, 140
54, 819.1621367640147, 1296, 839.2750198279357, 6198
28, 423.56146037500577, 672, 497.47242128781386, 1279
39, 588.2741564401125, 936, 548.4959102299417, 1351
35, 527.1705257195454, 840, 509.0883543228777, 1113
26, 391.7470866759792, 624, 419.1536427497543, 973
14, 211.70283789560457, 336, 187.35549130771278, 1012
64, 970.5710342507775, 1536, 998.7012158819527, 4010
6, 90.73182217085554, 144, 101.73512558119728, 742
8, 121.22598364587215, 192, 139.4496566659449, 781
22, 333.1837627291855, 528, 298.73933038191757, 1269
32, 486.83994430912026, 768, 474.09611681245104, 1962
1, 15.162094391126486, 24, 14.962439196507045, 131
28, 425.49986260381246, 672, 438.5765701778521, 2334
8, 120.67315438122657, 192, 155.06738159937612, 510
21, 317.7807639449007, 504, 348.6894300275396, 1466
24, 364.7524708805105, 576, 370.8387319872817, 1481
19, 289.5626271735143, 456, 333.6338941789849, 7314
11, 166.00364406797573, 264, 176.42028337880805, 779
17, 256.32382481221333, 408, 270.8552208279865, 1256
17, 256.32382481221333, 408, 270.8552208279865, 1256
22, 330.65708585024356, 528, 315.5228641910578, 2731
21, 317.3131879233468, 504, 292.9721966678839, 729
50, 758.2029129080278, 1200, 754.1054484489911, 5948
50, 758.2029129080278, 1200, 754.1054484489911, 5948
37, 559.2549081997173, 888, 535.8493619931065, 3201
2, 30.310036267853686, 48, 27.195756166310954, 262
2, 30.125679896166147, 48, 48.25866619806175, 1704
68, 1024.3567737334454, 1632, 988.2269047181753, 3688
68, 1024.3567737334454, 1632, 988.2269047181753, 3688
2, 29.06212970949181, 48, 10.845364817105143, 215
1, 14.531064854745905, 24, 10.760986266351292, 410
46, 644.1853002071443, 1104, 633.4544306155566, 3225
1, 14.545592961567998, 24, 10.341675732244793, 314
2, 29.076657816313904, 48, 26.140735678293698, 308
39, 547.2062691573361, 936, 527.0586337315988, 2188
26, 365.3521096037428, 624, 375.36331905570705, 4654
1, 14.531064854745905, 24, 10.405954136337272, 266
2, 29.105705473161144, 48, 24.844470830280482, 205
8, 116.48088296206832, 192, 98.69260493552562, 1140
12, 174.8373951643101, 288, 188.09420518913416, 2293
45, 656.9739100199314, 1080, 678.0203717419253, 2317
63, 913.7840818685092, 1512, 900.7450708182535, 2146
126, 1832.7673433514385, 3024, 1843.3440744350848, 2745
66, 967.7889818418182, 1584, 951.1541081411034, 1107
103, 1512.4577873804044, 2472, 1454.4894132914487, 2071
31, 453.1608757010383, 744, 437.0441102548894, 1795
31, 453.1608757010383, 744, 437.0441102548894, 1795
105, 1525.0628882561582, 2520, 1563.204908768693, 2046
2, 29.091185923135995, 48, 14.538231971771388, 591
2, 29.207239470994697, 48, 12.778191644616932, 109
54, 787.4787973601445, 1296, 818.0971178116939, 2211
49, 717.3140377834742, 1176, 689.048721314851, 1756
22, 322.6975862948139, 528, 379.4220929186197, 1225
40, 586.2280978462766, 960, 606.7673350702119, 1202
63, 923.3703965437603, 1512, 932.34146303702, 2357
112, 1649.8527482742861, 2688, 1635.0862003361233, 2345
99, 1874.745298508086, 2372, 1862.7954848598638, 2402
40, 572.880123628334, 960, 563.7735913484423, 895
40, 578.9869986409541, 960, 583.2791486528018, 1846
29, 419.1299052085559, 696, 429.65268421267626, 1720
94, 1352.813792770268, 2256, 1374.1160454755598, 3025
120, 2174.662654316871, 2876, 2130.1767047934386, 2726
64, 1360.8076184076715, 1532, 1408.6803455355675, 2783
89, 1260.678155750049, 2136, 1234.088569535848, 1614
164, 2754.171775508163, 3932, 2764.4359762097647, 6126
245, 3941.1595275389946, 5876, 3968.1322590066125, 5780
1, 14.545592961567998, 24, 12.174568841854612, 472
1, 14.545592961567998, 24, 16.949974817002726, 434
2, 29.120225023186293, 48, 25.357101834012454, 890
1, 14.574623496279873, 24, 30.398007214259618, 647
2, 29.13473600787302, 48, 44.22102663290417, 485
3, 43.68033753477944, 72, 34.37392492915471, 291
15, 218.61931814869862, 360, 214.41908722386455, 1366
4, 58.1533156326278, 96, 61.475420604158174, 523
172, 2878.0526770533675, 4124, 2868.173378442949, 5310
1, 14.00242664941806, 24, 18.99481497877397, 515
3, 43.56412125409266, 72, 41.985202290435055, 393
7, 101.54296289271421, 168, 75.9492152806792, 724
1, 14.531064854745905, 24, 14.134181258503087, 388
2, 29.01851120457534, 48, 48.41942407479651, 928
7, 101.6302255130873, 168, 105.79221424918597, 925
44, 614.0273712366776, 1056, 616.5464346067946, 6783
1, 15.345262383321986, 24, 18.786073396882156, 97
58, 891.2448796489733, 1392, 865.0273887023975, 1494
39, 601.084823736497, 936, 597.6396225392359, 1360
16, 246.71473762867242, 384, 243.36721513349235, 1127
43, 664.3809546581393, 1032, 693.66200455977, 1666
14, 196.16742214976819, 336, 179.4917154582028, 1015
1, 13.838750283912267, 24, 17.65791405024546, 797
6, 91.46682342369351, 144, 105.52649174525139, 952
6, 91.52320097661539, 144, 85.60522088506818, 805
3, 45.669953346478096, 72, 50.142077085919595, 982
6, 91.70624400354191, 144, 74.71071028073352, 749
20, 303.8073368946171, 480, 307.2019733019301, 1320
4, 56.24679528714036, 96, 82.99653568413642, 363
7, 98.20971603090916, 168, 120.02183556183898, 2777
52, 728.6298184598555, 1248, 720.681464982254, 7577
2, 28.049336315233134, 48, 29.988997287387892, 1073
111, 2000.5272442769615, 2660, 2058.187775014634, 14176
66, 921.2038228078294, 1584, 909.7994533282285, 15832
3, 44.689354350575485, 72, 56.10352204454521, 1557
4, 59.76692860207453, 96, 58.90634927395605, 1955
2, 27.76697495066211, 48, 19.569453602195864, 425
66, 917.1874153563527, 1584, 913.5462711908818, 13735
1, 13.883487475331055, 24, 22.42604122226619, 425
71, 1006.4438367762771, 1704, 1023.9970140612525, 4590
181, 2575.520580671845, 4344, 2562.550517338584, 3651
183, 3056.9527568443464, 4388, 3021.7470942643113, 8131
35, 494.74586689865055, 840, 494.61154603304595, 4375
29, 463.19077632243113, 696, 490.4902258633858, 3771
29, 463.19077632243113, 696, 490.4902258633858, 3771
2, 31.934821889259723, 48, 36.347271796505694, 1175
24, 382.481686682012, 576, 381.63251556968135, 3591
14, 222.60254102547765, 336, 212.06719555426864, 2268
1, 14.194576442203042, 24, 15.474154994414965, 303
2, 28.300717484966277, 48, 17.133649438178214, 121
4, 56.71938219083993, 96, 69.85493185299833, 908
12, 170.67342713896676, 288, 164.2630840818142, 646
1, 14.194576442203042, 24, 16.799790221178025, 244
5, 71.13477167570335, 120, 58.694356789958114, 566
11, 156.3022721323968, 264, 130.93685483998712, 847
54, 771.020368444421, 1296, 736.4572911894135, 1744
70, 1001.0998520527747, 1680, 979.6815122456601, 2048
21, 299.46856849207285, 504, 330.8475663002629, 701
5, 71.58992216250685, 120, 84.62516568087726, 540
2, 28.40387542859618, 48, 38.100567285357805, 651
14, 199.04772367519388, 336, 198.05495866381597, 1326
14, 199.04772367519388, 336, 198.05495866381597, 1326
5, 71.51661975221063, 120, 57.038055169571585, 222
1, 14.194576442203042, 24, 11.136905446412648, 91
1, 13.808884770114185, 24, 9.43465860411719, 84
7, 96.70700385979256, 168, 88.38749547998178, 851
7, 96.70700385979256, 168, 88.38749547998178, 851
24, 336.5469916991779, 576, 336.0373758210237, 2296
8, 112.8337232845407, 192, 117.56306423493287, 799
11, 156.28754958820673, 264, 156.1904815075647, 476
12, 170.5409660360751, 288, 162.51387816134147, 857
7, 99.24416291456538, 168, 110.73536610060268, 429
31, 440.9736777145424, 744, 461.93671821112537, 1276
93, 1315.5980369361903, 2232, 1318.6246474014604, 2720
3, 42.745551850348505, 72, 62.166476864156394, 261
4, 56.689903718579515, 96, 62.48070825256107, 543
4, 56.79302831300226, 96, 49.58655999508999, 278
2, 28.359691095419965, 48, 27.474605499517814, 431
1, 14.179845547709983, 24, 5.8594521389432455, 197
7, 99.11148481651128, 168, 102.99799260837918, 1427
2, 28.330212623159554, 48, 24.616250335253124, 453
7, 99.11148481651128, 168, 102.99799260837918, 1427
2, 28.389152884406084, 48, 15.110676216904789, 288
1, 14.194576442203042, 24, 12.581600258439813, 584
6, 84.81360877896375, 144, 97.72321024962335, 981
30, 423.4773260797626, 720, 448.0027880381668, 806
2, 28.359691095419965, 48, 32.473722411979445, 193
1, 14.179845547709983, 24, 9.986440224988492, 203
24, 339.78549736246885, 576, 342.9493470018536, 2121
15, 211.23611145288825, 360, 210.61728722305568, 3043
25, 351.37950081834674, 600, 358.1162122950744, 2971
3, 42.34774340437104, 72, 38.77557169772122, 764
13, 180.48530451011436, 312, 181.48781898791387, 2669
67, 936.4101766594388, 1608, 936.9451014327132, 3463
10, 140.61696340144746, 240, 114.48920625434711, 645
14, 196.56757949133717, 336, 204.2493548319246, 1650
69, 974.7494521372176, 1656, 968.6785459596352, 3353
14, 197.9869502921528, 336, 194.8078940287564, 1119
88, 1239.2782913976841, 2112, 1264.0492401461684, 5283
11, 153.17987057988023, 264, 174.9625455650356, 1279
2, 28.093786330228994, 48, 34.75052973077946, 1723
53, 739.0688652720879, 1272, 689.1633916927818, 2576
13, 180.69384951437954, 312, 195.12681147633216, 607
29, 405.06058762734284, 696, 406.1549480962448, 2765
45, 623.3543891361481, 1080, 639.2534066126599, 3037
45, 623.3543891361481, 1080, 639.2534066126599, 3037
45, 623.3543891361481, 1080, 639.2534066126599, 3037
6, 84.0590511588959, 144, 99.60002956769961, 452
22, 308.69076438486104, 528, 309.0616915421229, 1211
3, 41.91822331427112, 72, 32.90152253811429, 270
22, 308.3795401008482, 528, 291.5937484600803, 982
11, 154.98932443788232, 264, 147.79925350123406, 758
1, 13.91327144774461, 24, 15.320126745513631, 215
2, 27.856302322205543, 48, 45.025210479001466, 432
17, 236.8677906638933, 408, 232.43036884250196, 886
62, 855.0294654925011, 1488, 863.2179149654679, 2591
2, 27.94548220951408, 48, 31.021338148405395, 312
4, 55.920658192226156, 96, 42.66826073189549, 108
89, 1237.1014245372598, 2136, 1293.2644902752263, 3014
1, 14.165106311579777, 24, 2.609277881691163, 156
89, 1237.1014245372598, 2136, 1293.2644902752263, 3014
26, 367.79112208275626, 624, 376.6496423925598, 1237
26, 367.79112208275626, 624, 376.6496423925598, 1237
76, 1067.7552056353252, 1824, 1004.6889691533743, 2164
3, 42.14067949534349, 72, 53.75078231264791, 301
96, 1343.4736259024498, 2304, 1361.3277692283577, 2818
96, 1343.4736259024498, 2304, 1361.3277692283577, 2818
100, 1386.838599031033, 2400, 1342.9338984761991, 2793
1, 13.823821593111937, 24, 10.148817514038532, 502
3, 41.60574970139041, 72, 37.251101380133214, 270
6, 83.25621212738356, 144, 59.05546535803783, 212
40, 550.4858618093392, 960, 560.5547534294932, 1297
1, 13.853670833733013, 24, 5.664988626470409, 217
2, 28.241677280195805, 48, 17.44867257887628, 225
7, 96.60241360516643, 168, 82.65857553153506, 466
3, 41.45652795633806, 72, 28.73652830722394, 297
13, 187.16981541998047, 312, 175.7073566148846, 1335
48, 688.328666792927, 1152, 716.2890276400758, 1984
10, 142.930525286197, 240, 106.41988266107977, 648
24, 344.72105430751543, 576, 321.53096111169197, 624
7, 99.30311151744905, 168, 107.63496828514272, 982
25, 356.2177641799517, 600, 370.48447042785887, 837
61, 865.29384836997, 1464, 908.3719625042613, 1700
1, 14.135602849095678, 24, 19.94275020835005, 389
3, 42.406808547287035, 72, 27.491116813861705, 315
1, 14.165106311579777, 24, 5.479566648036438, 24
1, 14.135602849095678, 24, 7.894087914205282, 88
3, 42.45107622744942, 72, 17.418331748209496, 184
34, 482.0997758028668, 816, 446.6812874332268, 1047
88, 1255.3841770922097, 2112, 1238.509950051726, 2606
4, 57.175161381358464, 96, 69.86286590999495, 237
3, 42.53953664312995, 72, 31.755092753752766, 286
88, 1260.6807068578562, 2112, 1290.17855514772, 2633
21, 298.99828408192116, 504, 316.51880714112315, 880
88, 1260.6807068578562, 2112, 1290.17855514772, 2633
5, 71.97041483876994, 120, 55.13046237300925, 280
42, 598.2453686086168, 1008, 600.5919425149132, 1403
11, 155.12237662522105, 264, 160.368862349845, 895
14, 201.49667766696314, 336, 217.81197715546537, 343
12, 172.63835142769042, 288, 147.99287791840553, 509
70, 1011.8745454071887, 1680, 1033.3297987964904, 1494
121, 1740.778331330244, 2904, 1771.4956719723498, 3802
6, 88.02685748195788, 144, 100.424920811811, 571
13, 190.35373013940847, 312, 184.9034530129567, 2090
66, 968.1064759543664, 1584, 941.071081230737, 2629
66, 968.1064759543664, 1584, 941.071081230737, 2629
66, 968.1064759543664, 1584, 941.071081230737, 2629
5, 73.35089763877147, 120, 79.05671955759387, 1889
7, 102.78948752267226, 168, 99.90694394275427, 1848
5, 73.30754527303063, 120, 105.26391466861322, 1947
8, 117.10405697806266, 192, 129.13607341665227, 1307
35, 510.22753289445916, 840, 520.6694741702614, 1501
38, 554.8211011329682, 912, 520.4878008403425, 3362
7, 102.48594339712218, 168, 124.12130029375305, 1596
31, 455.15677258933056, 744, 491.5051425001898, 4004
6, 88.43086587115249, 144, 88.5143438003823, 923
3, 43.854314918911065, 72, 44.766090490083904, 654
14, 206.11285920294048, 336, 205.0491701889211, 1545
22, 324.2992895668094, 528, 324.0171562198761, 1920
91, 1297.5876211315763, 2184, 1283.674858014014, 2766
8, 113.55658648671545, 192, 78.50790208475047, 769
84, 1192.5032709287068, 2016, 1179.4366045972927, 3045
84, 1192.5032709287068, 2016, 1179.4366045972927, 3045
7, 100.91631864821086, 168, 89.46279942815531, 724
29, 414.27399158755844, 696, 394.29155885562164, 1092
25, 358.8429343146268, 600, 325.65276071540626, 961
5, 71.95580163486461, 120, 101.90590338891978, 669
8, 114.59955766741167, 192, 121.3829498007755, 532
3, 44.2154372692971, 72, 42.001482017741594, 191
2, 28.682849386097132, 48, 42.092063967230956, 480
2, 28.71212651734596, 48, 13.715234171826271, 281
4, 57.3949759034431, 96, 77.23938571157618, 659
8, 114.76064935695584, 192, 112.52156846926108, 1229
16, 228.84723353300615, 384, 204.49917315141718, 1017
41, 589.0221064586912, 984, 628.2954562973869, 3021
11, 159.41991139622155, 264, 181.8084595873621, 569
165, 2388.165276886663, 3960, 2375.298618590957, 2879
165, 2388.165276886663, 3960, 2375.298618590957, 2879
124, 1784.6664154755595, 2976, 1803.2022861479022, 2193
95, 1365.974725835671, 2280, 1373.6816104223635, 1592
122, 1756.7274560277017, 2928, 1787.5340354614004, 3676
4, 58.32749880674322, 96, 39.529689800322636, 630
4, 58.3564950459607, 96, 56.41958696867308, 1741
3, 43.78187154968082, 72, 52.373050258373794, 520
27, 399.4643366217463, 648, 368.3151921756575, 1511
89, 1318.5603569714542, 2136, 1320.6285964094375, 4807
89, 1318.5603569714542, 2136, 1320.6285964094375, 4807
11, 161.98391047974835, 264, 179.35963081017533, 791
22, 324.5584949954665, 528, 308.7803808037032, 1795
3, 44.34500093353766, 72, 38.25733537656932, 580
4, 58.99233645567486, 96, 71.20814091291334, 679
15, 220.63018886045302, 360, 190.14572225724862, 4357
4, 58.74715719603681, 96, 68.25789102952123, 2929
10, 146.94732052210503, 240, 155.17129887283096, 1117
4, 58.28398300043277, 96, 55.53297674558022, 427
11, 160.11767041211075, 264, 151.23773441083227, 612
11, 160.11767041211075, 264, 151.23773441083227, 612
16, 239.25333540882949, 384, 263.3675038874208, 2425
10, 149.91676154397624, 240, 160.1289329656184, 644
9, 134.19683270145245, 216, 136.37889417557417, 1100
7, 102.22532096661624, 168, 102.88563451636762, 304
3, 45.06050773943742, 72, 41.04379883507703, 174
9, 135.12454055345836, 216, 147.1372433028969, 664
16, 241.1758562437311, 384, 232.61621979028786, 803
30, 452.1832110758667, 720, 428.87223827113047, 1731
29, 439.544774402843, 696, 479.90651977934294, 811
4, 58.45793465440842, 96, 34.09054190934522, 324
18, 262.9374439458519, 432, 286.6772407665256, 2025
26, 377.8220946376215, 624, 386.32031709959654, 1198
42, 617.4295347278895, 1008, 583.9924680684837, 1630
56, 821.4048101110807, 1344, 791.5756799714711, 2473
56, 821.4048101110807, 1344, 791.5756799714711, 2473
32, 467.1127375798201, 768, 494.63183285094766, 1223
16, 232.903704854713, 384, 252.97353202777228, 997
6, 87.60722458457847, 144, 101.32223109321838, 339
11, 159.75445929587113, 264, 166.63386147796484, 687
5, 74.78720354489339, 120, 65.15921048006616, 683
6, 86.96823685167051, 144, 65.46403714266552, 317
20, 291.08600822953144, 480, 283.81980312469517, 1026
48, 698.3619521351324, 1152, 736.9737520475195, 1972
14, 204.53757913086824, 336, 208.48077092129492, 1705
48, 695.8473955502577, 1152, 636.5274104137777, 1505
48, 695.8473955502577, 1152, 636.5274104137777, 1505
3, 44.66072231796857, 72, 33.60633367672361, 688
3, 44.64640192146932, 72, 61.87959465690919, 1721
3, 44.64640192146932, 72, 61.87959465690919, 1721
5, 72.93112712464684, 120, 81.27104191071385, 491
5, 73.71160549713453, 120, 67.48919466028894, 495
10, 146.86066759155392, 240, 147.62402604109195, 2768
3, 44.157772463092904, 72, 69.53151212978473, 2052
7, 104.54211770246185, 168, 107.94369165268913, 1158
2, 29.854884906526543, 48, 28.152905232831277, 374
54, 803.5913979898988, 1296, 804.7613722775073, 2499
6, 90.0498092272802, 144, 82.65113272380047, 561
10, 149.58867479775228, 240, 135.39682177423293, 806
7, 104.77058580546957, 168, 102.57932124640236, 457
85, 1265.676106406768, 2040, 1244.3674939650577, 4641
10, 149.28870983707125, 240, 201.46518321943634, 1690
69, 1035.0090765248349, 1656, 1033.751730748815, 3614
69, 1035.0090765248349, 1656, 1033.751730748815, 3614
34, 512.1789276514019, 816, 519.2183386304481, 3815
33, 498.11001813589957, 792, 527.6390786578419, 1365
14, 210.26809285647712, 336, 225.59869609206368, 1225
6, 90.76017172204226, 144, 73.33789974531999, 673
8, 119.81932573635015, 192, 96.50900538238895, 928
10, 150.41513445815318, 240, 152.03868727490345, 1044
4, 60.67666475436674, 96, 72.77411447762951, 412
39, 591.6605919898258, 936, 595.2277900731611, 2866
5, 75.86704633535402, 120, 74.4772551046847, 413
10, 152.1861248504235, 240, 153.77092574906266, 796
1, 15.162094391126486, 24, 24.180951915797376, 283
28, 424.92007373348224, 672, 399.7483508266118, 1850
6, 90.6751230684821, 144, 85.48789228474573, 131
54, 817.9584170837765, 1296, 843.7858240255938, 2245
54, 817.9584170837765, 1296, 843.7858240255938, 2245
16, 242.6358161536205, 384, 254.6683165599195, 908
12, 180.44124938112105, 288, 173.63151180043107, 318
105, 1592.7949355238102, 2520, 1563.1066989334606, 3375
67, 1009.2232687446431, 1608, 1022.7320407408744, 3918
105, 1592.7949355238102, 2520, 1563.1066989334606, 3375
84, 1274.826410572171, 2016, 1269.8963173129773, 4292
43, 649.6464735950505, 1032, 637.8604138849025, 1759
8, 118.8612372028419, 192, 116.71507507456252, 803
106, 1573.313848631551, 2544, 1539.4865665020654, 3573
106, 1573.313848631551, 2544, 1539.4865665020654, 3573
61, 913.0221544220428, 1464, 911.0437507071875, 4093
63, 939.2338620421831, 1512, 941.6900189976303, 2167
34, 504.1810508805873, 816, 511.4614132612864, 2238
58, 857.0294625282904, 1392, 872.54793987535, 2537
59, 871.0861061884965, 1416, 905.621911888818, 2723
58, 848.2113933447998, 1392, 846.949445908494, 2030
27, 396.077342343309, 648, 372.11661162640144, 1260
21, 308.20948662666694, 504, 327.91042136194585, 959
22, 322.14801687977683, 528, 338.99197167960676, 1316
22, 322.14801687977683, 528, 338.99197167960676, 1316
76, 1103.9517147809013, 1824, 1124.894818559968, 2721
39, 567.5392119957195, 936, 569.3979382926193, 1578
27, 398.0828372930656, 648, 397.5071158248981, 1597
4, 59.2081281684125, 96, 42.95264260657172, 545
7, 103.35175362676564, 168, 111.51139740437262, 390
7, 103.35175362676564, 168, 111.51139740437262, 390
23, 338.7878994088892, 552, 323.5469606863306, 1543
7, 103.35175362676564, 168, 111.51139740437262, 390
90, 1327.7716867682805, 2160, 1376.601447975126, 2799
45, 660.3745038801558, 1080, 660.3975671280813, 1413
124, 1820.4647725534996, 2976, 1770.5418054492045, 2712
118, 1727.5369172265305, 2832, 1720.5733543499407, 2904
41, 597.7187125135853, 984, 605.2610655937764, 2158
28, 412.8021497141065, 672, 404.45414045769047, 617
77, 1568.0121669895593, 1844, 1598.2170969830827, 2073
77, 1568.0121669895593, 1844, 1598.2170969830827, 2073
162, 2345.38031710953, 3888, 2245.2496728078577, 2342
6, 89.63609881303962, 144, 78.44679228779742, 830
3, 44.88945393941757, 72, 42.6461931585951, 657
3, 44.946515960450455, 72, 42.80037609460103, 945
5, 74.71580340481243, 120, 64.50824417073022, 419
7, 104.95597786717217, 168, 92.8206245964563, 1169
8, 119.46240432505542, 192, 130.07061831992016, 1462
3, 44.90372164738307, 72, 49.89837717575327, 602
6, 89.8930231100718, 144, 89.25108365564293, 963
2, 29.95483804220938, 48, 31.239993907462416, 301
9, 134.8965393738158, 216, 127.14058256635029, 696
19, 284.0284893498751, 456, 259.8760419615401, 2570
1, 15.387315928464139, 24, 11.701872650520457, 164
8, 123.46223099496171, 192, 131.1558610729732, 2896
47, 725.4412699235796, 1128, 707.8819991404738, 3119
47, 725.4412699235796, 1128, 707.8819991404738, 3119
48, 740.5766356699618, 1152, 725.067161881966, 2548
19, 294.17544095505525, 456, 265.00708464565895, 1904
7, 104.82765662893823, 168, 99.53917473220298, 475
17, 255.08649054640355, 408, 247.28966396278065, 1114
2, 29.926302626278382, 48, 37.29360138162197, 334
5, 74.74436521965228, 120, 90.97157845049631, 1443
3, 44.832339103775176, 72, 42.89500400289847, 556
3, 44.832339103775176, 72, 41.53331125111828, 547
21, 315.11014074623114, 504, 304.68721397097727, 2933
1, 14.963151313139191, 24, 25.113293837796935, 790
5, 74.83002427366145, 120, 59.271135216905115, 1394
1, 15.331226469497025, 24, 22.410671061324827, 136
109, 1668.796154123609, 2616, 1707.23080179177, 4364
109, 1668.796154123609, 2616, 1707.23080179177, 4364
82, 1258.3375475713601, 1968, 1221.3850404807363, 5206
82, 1258.3375475713601, 1968, 1221.3850404807363, 5206
2, 29.883464301037264, 48, 32.582082787468956, 355
8, 119.81932573635015, 192, 104.23798557804366, 3587
7, 104.4849501278068, 168, 102.5986586752673, 1323
6, 89.9072908180373, 144, 80.59014441389498, 1428
2, 29.997605914401284, 48, 37.354597494820595, 800
1, 14.963151313139191, 24, 32.90852812039999, 566
4, 59.89540837645326, 96, 74.2106098617339, 1705
5, 75.00113982496278, 120, 74.56859165377791, 1139
3, 44.60342322803706, 72, 50.45249046100021, 403
7, 104.170164351262, 168, 90.18914279169317, 1149
11, 163.40731760639957, 264, 139.7787421123998, 1929
4, 59.39476513630704, 96, 51.60287470267915, 1142
2, 29.66869368149017, 48, 59.12580162769863, 675
4, 59.452125439427405, 96, 51.44615193697933, 1339
3, 44.64640192146932, 72, 49.92820430626646, 923
3, 44.64640192146932, 72, 49.92820430626646, 923
4, 59.58103525539809, 96, 65.48810715638652, 466
5, 74.52995393584061, 120, 84.15332745222383, 1189
6, 89.24983390147364, 144, 60.43279361904481, 1441
6, 89.39302033725863, 144, 91.14178530388672, 1322
7, 104.41345334577173, 168, 119.45830409193404, 2128
6, 89.04912092579292, 144, 85.13544157617166, 1327
27, 399.8666872780169, 648, 416.5584214215968, 3965
6, 89.09214333690898, 144, 104.72767838066723, 1843
2, 29.69738693570511, 48, 35.879598237047, 903
2, 29.754721016646712, 48, 21.430155934088894, 240
4, 59.43778754742311, 96, 55.47867744561285, 1488
18, 266.7452385665934, 432, 271.47205045786353, 4572
26, 383.6371811826107, 624, 380.0107535331721, 1478
7, 103.29418423867995, 168, 119.22190421783377, 1244
38, 561.8084962385365, 912, 598.2618504371536, 5054
10, 148.2716567488324, 240, 131.8251705810342, 755
21, 311.3058399869127, 504, 318.10850145600233, 2646
2, 29.783361809645214, 48, 36.26112327596458, 200
6, 89.24982514950638, 144, 108.483239535276, 699
6, 89.46456098017546, 144, 87.71374327657821, 774
15, 223.01705492699645, 360, 205.7525168879807, 1334
35, 517.693703331437, 840, 499.7037732506036, 2057
4, 59.58103525539809, 96, 73.36077555590967, 864
36, 535.0543188866162, 864, 566.831834947085, 1872
13, 194.092434420619, 312, 205.22347028705545, 1591
13, 194.092434420619, 312, 205.22347028705545, 1591
10, 149.2029277505976, 240, 143.90551088855253, 2034
19, 279.76679123490976, 456, 302.8253174138949, 2117
14, 206.63154768952108, 336, 184.54365190987915, 1010
35, 514.3511177431, 840, 479.10590554991035, 3101
1, 15.289064647286938, 24, 13.396070520085733, 229
3, 43.94114892311533, 72, 58.97209063161968, 470
6, 88.12796119259333, 144, 89.61945719695147, 471
16, 236.14203662666165, 384, 272.2285306692212, 2244
26, 382.71480492547, 624, 397.61496581648606, 2684
9, 132.4156092967603, 216, 109.32122870519503, 846
65, 948.9448050956951, 1560, 974.6179689610452, 1345
9, 131.93910482791264, 216, 111.44873964306937, 354
5, 73.23523958871091, 120, 78.71171004127027, 661
13, 189.2959308001691, 312, 149.60937865977743, 603
10, 147.33673977456684, 240, 140.9913131937252, 683
43, 630.8203251075829, 1032, 615.0970563459224, 1735
32, 471.0159247515542, 768, 480.13154689018717, 1884
8, 116.93034594683594, 192, 119.56207377828136, 1265
50, 730.5855331803741, 1200, 729.2421702817916, 3010
2, 29.26516322197893, 48, 21.619794420378714, 536
4, 58.67493779558506, 96, 49.36437255919565, 693
5, 73.40868352611574, 120, 59.81812483100759, 526
20, 292.8107116525224, 480, 254.03183648485617, 2213
19, 275.26099439746173, 456, 283.3203118831175, 1365
19, 275.26099439746173, 456, 283.3203118831175, 1365
85, 1232.7245952567907, 2040, 1197.1798679575504, 3505
18, 262.9665089295576, 432, 234.93450653662694, 651
68, 991.4191684713234, 1632, 1047.0808025592205, 3005
81, 1170.843035819473, 1944, 1198.4072234151638, 2300
101, 1460.2860177965733, 2424, 1466.8402679226747, 1576
71, 1031.7923715088773, 1704, 1047.8901110746338, 2822
23, 346.20353578806566, 552, 356.24930897692985, 1071
9, 135.39491212046877, 216, 117.41192013308728, 1364
17, 256.6078265999703, 408, 230.25321566502313, 1435
1, 15.048625230810535, 24, 16.497240881331905, 615
5, 75.12931106107763, 120, 98.4571652521991, 1723
4, 60.208715640514676, 96, 44.5700116232217, 1621
4, 60.279771504717274, 96, 75.97373392922881, 1695
4, 60.15183021327085, 96, 51.85527651459434, 1788
7, 105.46828248788646, 168, 117.08680613424441, 2640
7, 105.0984609743972, 168, 105.83937251382872, 1230
9, 135.39495636732352, 216, 151.7638295591468, 4208
6, 90.1352478932158, 144, 106.93804096884662, 2171
3, 45.18851984424922, 72, 38.76873122753467, 743
31, 467.2176836754428, 744, 463.7081298803559, 3724
7, 104.98448684222768, 168, 118.13350683558961, 4152
10, 150.3439812307989, 240, 148.47905966147187, 3105
2, 30.04033849295828, 48, 37.8355333524137, 930
14, 210.38195215445973, 336, 203.59105936995945, 4262
10, 151.12518733352516, 240, 160.69591562055567, 3661
17, 257.79791054474697, 408, 219.3750886764671, 1411
1, 15.176237986056885, 24, 12.141364931635557, 358
5, 75.41361412545187, 120, 67.75947057545189, 1411
13, 196.3421544013089, 312, 174.04478812323657, 1138
41, 619.5773861927635, 984, 635.791667468743, 2166
22, 331.24025196883036, 528, 363.33170283020235, 1181
22, 330.6713536252415, 528, 322.1771840452967, 2588
6, 90.78850347593998, 144, 107.93067583300581, 937
2, 30.239220245658966, 48, 32.948230581407344, 534
20, 302.78869562171707, 480, 271.3915145222466, 2192
11, 167.05166838375771, 264, 194.9283706512357, 664
36, 547.7707915895214, 864, 528.7495092301496, 2423
17, 257.76965012993344, 408, 241.74584560842496, 2382
9, 136.23233800893408, 216, 130.7297819637663, 1541
19, 286.96052507565634, 456, 298.89789457339555, 4257
7, 105.65287876839565, 168, 97.49647703053817, 1009
16, 242.52270310533407, 384, 275.2575724243887, 1314
13, 196.00155997783446, 312, 190.37312132558782, 3769
13, 196.7391191569623, 312, 220.16004490632898, 1261
56, 851.3383044347889, 1344, 814.1094833468541, 3783
3, 46.20394705173845, 72, 49.409432756432295, 524
2, 30.479544882410863, 48, 18.099450689756797, 427
6, 92.18375324261578, 144, 98.00281205295927, 439
42, 646.9944588335737, 1008, 648.1324662935248, 1691
35, 535.6650157206133, 840, 548.2750763107044, 1660
3, 45.69816901428668, 72, 32.14773721311818, 660
5, 75.85290274042363, 120, 59.68253632482243, 675
45, 687.5149957051881, 1080, 719.9495667593357, 3040
37, 561.6755723669161, 888, 530.4730185680755, 2092
15, 227.96853307692285, 360, 241.15567850682854, 1229
1, 15.260911781223163, 24, 15.44878772650234, 153
29, 442.0308459499954, 696, 423.542313299233, 1244
8, 122.1999326716926, 192, 115.51167112554661, 535
7, 107.0375154769362, 168, 121.23774230635624, 855
2, 30.66245293899405, 48, 45.103492189209334, 512
11, 168.75573335547134, 264, 139.80587196599643, 687
12, 182.62335519213937, 288, 189.98330245675353, 463
41, 625.6124845793194, 984, 605.314532765089, 1560
38, 582.6282265005627, 912, 617.3726308623234, 2210
8, 120.61634869533057, 192, 114.53238938840092, 1490
32, 482.2234518796852, 768, 480.55852653310956, 2650
4, 60.265565648524785, 96, 54.48330624769752, 623
72, 1080.525118283448, 1728, 1072.5415298519715, 2769
25, 375.24751787199966, 600, 427.77109576634024, 3337
23, 347.4673506126228, 552, 369.746736650059, 2131
28, 423.9298710065867, 672, 430.63969514038376, 1842
8, 119.319445886702, 192, 116.68687102402825, 2113
2, 29.854884906526543, 48, 19.283324150785674, 571
1, 14.920295408227188, 24, 23.9350320595478, 721
8, 119.49098371956615, 192, 84.32941680170572, 1720
2, 29.883464301037264, 48, 20.052299693201565, 356
2, 29.811985081860545, 48, 53.844075672512474, 1370
4, 59.58103525539809, 96, 72.29895528567316, 1697
28, 419.45310974040655, 672, 389.3856824469929, 4731
13, 193.80648246025513, 312, 193.27694368419705, 2243
12, 178.61422220612536, 288, 166.8630440220446, 1401
8, 119.53385720414903, 192, 106.66087689109003, 1708
19, 284.18553092229143, 456, 284.5843226910187, 2989
15, 222.25675393398876, 360, 226.09487654962257, 2221
10, 148.3864995621098, 240, 123.9455332676126, 999
15, 221.7537676338311, 360, 234.17134254952552, 1693
34, 503.0031016517072, 816, 487.45214902826865, 2573
23, 339.75280459176895, 552, 344.8640102946543, 2429
23, 341.74932106696093, 552, 323.58581099038287, 2462
55, 816.218114109981, 1320, 856.8775364269965, 5023
18, 267.5631528091951, 432, 231.5958760896674, 1864
6, 89.37870870115097, 144, 99.2887659046807, 1509
43, 641.9725857514087, 1032, 618.4892065311252, 2868
53, 791.9319484002391, 1272, 789.920982328167, 5523
4, 61.25467220333598, 96, 56.590577034992585, 514
6, 91.80469361092474, 144, 74.58285559504883, 479
6, 92.01543064463206, 144, 79.5644254066468, 538
22, 335.88076963506313, 528, 334.28569844151235, 874
22, 335.88076963506313, 528, 334.28569844151235, 874
4, 61.40910330649405, 96, 83.44999276714589, 506
2, 30.704551653247027, 48, 53.16157811360208, 481
1, 15.359289269925041, 24, 14.77448048105314, 275
9, 137.74218427755358, 216, 138.2570138439499, 844
23, 351.84532313495697, 552, 379.7423139269478, 1960
1, 15.373307121054541, 24, 14.827387524682923, 196
5, 76.69824008896, 120, 71.80093329929973, 405
72, 1097.797596748427, 1728, 1066.1999377240618, 2644
2, 30.816622063077695, 48, 24.81738436977024, 452
1, 15.246821877648635, 24, 7.874552940074934, 73
15, 230.31906914152924, 360, 266.6710704868798, 4890
5, 76.75436568981604, 120, 57.052826244630374, 1950
4, 61.828896085857465, 96, 60.17415688884428, 1702
40, 614.6651864602841, 960, 594.6607455847814, 6464
8, 123.79730858998278, 192, 158.31344828002568, 1808
14, 216.12177616219634, 336, 189.80568382037976, 3378
9, 138.49980689554656, 216, 120.68955882979573, 1087
25, 385.5222761926716, 600, 363.01009441048825, 2219
1, 15.429288005989953, 24, 47.69445806256984, 199
1, 15.429288005989953, 24, 9.353688276343869, 49
18, 277.19541100194516, 432, 293.1616961812934, 1287
20, 309.18629808050304, 480, 317.65287327553534, 1237
33, 510.31105318912404, 792, 528.559817204361, 2887
22, 338.53483250617836, 528, 305.7611189921078, 1015
4, 61.296816012408314, 96, 70.17506003324445, 265
12, 183.91849282450465, 288, 201.95263966526235, 1036
38, 582.1506902872488, 912, 544.5931317879853, 1525
11, 169.00821721530656, 264, 182.07533114632713, 929
39, 594.7943963806786, 936, 589.0294419149841, 2324
39, 594.7943963806786, 936, 589.0294419149841, 2324
1, 15.260911781223163, 24, 19.54306938705576, 133
1, 15.218615170857934, 24, 16.360838559801657, 202
1, 15.303127593214583, 24, 12.11651524928061, 174
5, 76.585898672833, 120, 87.79153075777018, 603
6, 91.41042794044188, 144, 108.46004827059555, 501
4, 60.77561634382931, 96, 72.35050556823208, 335
1, 15.345262383321986, 24, 15.918318073915607, 135
1, 15.303127593214583, 24, 23.981529913028215, 621
2, 30.620309129921715, 48, 32.95455223125876, 336
1, 15.331226469497025, 24, 6.783999889239814, 85
4, 61.296816012408314, 96, 37.46258157001934, 355
11, 171.55990169751763, 264, 167.28857903535229, 960
1, 15.624074000429117, 24, 27.191230370183497, 465
7, 108.99410725972923, 168, 100.0189051432438, 862
8, 124.78468389908508, 192, 107.62244603849524, 1006
8, 124.8124190555093, 192, 123.74978389507785, 915
17, 264.3605989594054, 408, 249.4097382230943, 1469
1, 15.610220192774042, 24, 17.789420350636462, 215
1, 15.610220192774042, 24, 6.020648269288032, 88
4, 62.35768447675806, 96, 36.21081489457038, 229
29, 452.1691883593213, 696, 457.086793904421, 2154
51, 791.0506767750882, 1224, 870.9826023382648, 3389
4, 62.06586539681875, 96, 75.33283184156635, 794
2, 30.998119652042913, 48, 33.61303309976653, 244
20, 311.2608036607613, 480, 315.441719758564, 1785
11, 170.94891271567818, 264, 145.21653983649134, 1129
31, 481.18041258851025, 744, 491.6797613816941, 2501
2, 31.17884223837903, 48, 34.00253853186013, 615
37, 577.5637148883485, 888, 587.9426060202231, 1868
9, 139.75603360382843, 216, 155.7552770166113, 1020
7, 108.71615108057918, 168, 109.42719431584723, 899
4, 62.07978331465341, 96, 77.42960314323965, 678
14, 217.55746293045388, 336, 254.26980480403887, 1257
7, 108.21451342937982, 168, 102.81592897629196, 887
18, 278.9969583236259, 432, 258.6204969216907, 907
1, 15.526904787580683, 24, 5.201472473181186, 133
11, 171.3934174084653, 264, 184.6423372103295, 628
13, 201.40410608816262, 312, 175.54636373120073, 676
28, 435.8236061695925, 672, 444.6509705999483, 1749
28, 435.8236061695925, 672, 444.6509705999483, 1749
22, 339.9051303963871, 528, 333.23978841844655, 769
24, 372.61778772549786, 576, 367.5074604077408, 1268
24, 371.6288860534097, 576, 405.1073914295518, 1929
11, 171.24072277597753, 264, 136.68716689784247, 631
23, 355.6276692284533, 552, 356.02673464395315, 1918
3, 46.56679644490739, 72, 45.47138892165266, 393
1, 15.512986869746022, 24, 13.748509933838756, 171
3, 46.51110652178893, 72, 55.72617044917068, 253
6, 93.05003976155021, 144, 99.27664689931017, 621
2, 31.067718358918565, 48, 29.986847838709014, 400
55, 870.1430516639904, 1320, 880.387245092104, 5141
15, 238.2283720980413, 360, 189.69769339928462, 2574
18, 286.3086224085925, 432, 275.6316280883611, 2289
2, 31.71635168329927, 48, 13.85013078001708, 946
37, 588.8844536891011, 888, 591.9751823390787, 5717
52, 825.2803045766117, 1248, 843.9704877493801, 8388
2, 31.934821889259723, 48, 28.73341490496045, 515
4, 63.77426445201257, 96, 56.405191118817854, 810
2, 31.96204629451329, 48, 45.06871523530355, 600
11, 170.14106281685923, 264, 166.39553732452902, 438
12, 186.8509246678679, 288, 208.08995313021623, 1504
11, 173.75425480567355, 264, 181.03435702014727, 2205
2, 31.164970072699656, 48, 19.374396810125337, 339
15, 233.32060668000125, 360, 250.16532240661073, 2771
15, 233.32060668000125, 360, 250.16532240661073, 2771
4, 62.35768447675806, 96, 55.81520145791176, 877
6, 95.01204392716495, 144, 117.55880620378831, 1959
1, 15.84447938901929, 24, 17.280464398955125, 509
17, 269.60251781533805, 408, 288.0215936022208, 3685
2, 31.137207407793138, 48, 13.600110801838413, 227
6, 93.16141045732917, 144, 70.06308666233114, 719
1, 15.789600450168512, 24, 8.646339210657805, 622
1, 15.568603703896569, 24, 14.546086848594083, 391
7, 109.21608938643892, 168, 111.96805981548538, 1564
7, 109.21608938643892, 168, 111.96805981548538, 1564
3, 46.88606661770282, 72, 53.74670384587752, 1477
2, 31.261992617273698, 48, 49.47746168000256, 1405
19, 295.8033512794793, 456, 324.99565424195686, 4105
1, 15.596357202029202, 24, 28.68366454165311, 548
1, 15.651754033876001, 24, 8.848892990362904, 509
4, 62.523985234547396, 96, 36.12737526055597, 1009
2, 31.10942642567089, 48, 33.62344184938551, 505
1, 15.526904787580683, 24, 14.186226340044048, 484
26, 403.407102171967, 624, 397.2195896260543, 4014
7, 108.53519991332388, 168, 94.45810260474762, 1085
4, 61.94049465839964, 96, 74.09296692915778, 1136
4, 61.94049465839964, 96, 74.09296692915778, 1136
22, 344.13078145949936, 528, 334.0874538251058, 2546
4, 62.965833161884376, 96, 47.97594736929344, 1029
2, 31.482916580942188, 48, 47.43894446451543, 393
3, 47.17615858078693, 72, 40.166649217317094, 746
4, 63.03465933762271, 96, 64.15860985723556, 850
3, 47.327572421184904, 72, 65.04043100484542, 882
2, 31.455365737190455, 48, 27.657727069493795, 651
2, 31.482916580942188, 48, 16.917711314797312, 530
3, 47.86136804636151, 72, 48.45521740921484, 625
15, 239.85134700320612, 360, 227.84057412738375, 2547
15, 239.85134700320612, 360, 227.84057412738375, 2547
2, 31.441585687192955, 48, 20.67900488187982, 501
55, 878.8731992378639, 1320, 921.050493243751, 6099
7, 110.41723149806812, 168, 128.19009857828078, 1641
5, 78.9892033143195, 120, 65.62743173676942, 977
4, 63.24078533424044, 96, 66.8411182797026, 686
4, 63.13091584779363, 96, 46.84571688344801, 954
9, 142.02391834320093, 216, 136.94932788790055, 1658
16, 251.73933996628978, 384, 252.07583632265874, 2054
7, 110.0317421107674, 168, 127.90607533272231, 2320
22, 344.7808062494061, 528, 373.9462430770264, 4979
1, 15.720792843596477, 24, 21.191656917956426, 700
4, 62.74520448907795, 96, 73.2911884935644, 1077
8, 125.61463274921952, 192, 105.80232904481544, 1283
25, 398.35383089046445, 600, 386.36252965881835, 1804
7, 112.2747658586199, 168, 92.08348947891353, 1063
11, 176.70100311057723, 264, 179.25581743851225, 1271
11, 176.70100311057723, 264, 179.25581743851225, 1271
2, 32.04360663158421, 48, 37.06198987626479, 582
12, 193.10201551065916, 288, 182.27163719271837, 1334
32, 514.324584193803, 768, 525.3096516744388, 2729
36, 579.1975253128203, 864, 591.4083265283996, 5742
5, 78.52121918915155, 120, 85.83742325832867, 1323
11, 172.39043076760348, 264, 130.30884217879716, 2287
8, 126.53644962347359, 192, 108.78675170699952, 1423
8, 126.53644962347359, 192, 108.78675170699952, 1423
8, 126.53644962347359, 192, 108.78675170699952, 1423
41, 649.732890962144, 984, 690.2358116185942, 5742
5, 79.08527403609541, 120, 77.81937820436283, 1532
5, 79.08527403609541, 120, 77.81937820436283, 1532
16, 252.26241692757182, 384, 225.60746558887672, 4674
16, 252.26241692757182, 384, 225.60746558887672, 4674
1, 15.748343687348209, 24, 9.466473212795721, 628
2, 31.524210433516338, 48, 22.434725642553317, 763
2, 31.496687374696418, 48, 33.202429531295515, 1339
1, 15.775857473728301, 24, 18.03980555066881, 1221
16, 252.63349573933237, 384, 258.45671365887, 4165
17, 268.57425033694483, 408, 286.61334532919363, 3192
67, 1052.188904924968, 1608, 1086.7787283269395, 7734
30, 471.8441458253305, 720, 445.5747938610735, 3985
20, 314.4432874899135, 480, 297.1616742108517, 3145
8, 126.0693094028056, 192, 117.78615164565895, 1440
8, 124.97871981329865, 192, 100.21670199395754, 1612
1, 15.637918616844582, 24, 27.225180728629066, 987
1, 15.610220192774042, 24, 8.771705964764996, 421
2, 31.192714404058403, 48, 21.226097973045245, 750
2, 31.275837233689163, 48, 33.575243286935795, 1245
1, 15.637918616844582, 24, 8.486711053151355, 377
24, 375.9461628262053, 576, 402.3601349630918, 2645
23, 360.5017097458701, 552, 350.4960023206889, 4923
71, 1108.767688143715, 1704, 1186.645868633918, 9927
44, 686.1421163729178, 1056, 641.4247585251309, 6366
41, 635.8787076305377, 984, 632.3140198956744, 3448
7, 109.17449123926987, 168, 126.91079038813204, 1424
29, 451.1420621114169, 696, 429.17152555164273, 3774
1, 15.596357202029202, 24, 17.899164482234646, 351
18, 280.5123741348269, 432, 303.1618137874063, 2798
18, 281.6208156458882, 432, 305.2527519994046, 2773
2, 31.386410014605822, 48, 24.071586907717226, 532
7, 110.00418201077241, 168, 98.99330314273001, 1939
3, 47.20371868078193, 72, 44.458743401127315, 1849
13, 203.9978203972406, 312, 180.55461355506355, 2471
34, 535.6636474313935, 816, 555.7011851521477, 3933
12, 188.1941347980787, 288, 198.48838023412975, 2331
9, 140.9763775496376, 216, 118.56513865487966, 558
11, 172.40417401996174, 264, 189.21727496598098, 1711
14, 219.77364121920778, 336, 228.22212078041534, 3015
1, 15.610220192774042, 24, 10.97582587060906, 180
55, 859.1155278461248, 1320, 867.6001911964861, 2923
72, 1141.9375675253798, 1728, 1112.9130560605997, 3870
8, 126.56384257713817, 192, 154.03702114581958, 2038
31, 489.1887979493053, 744, 475.91898079469416, 2377
25, 397.15201903044726, 600, 402.06983035538536, 1188
1, 15.9401583677418, 24, 33.51208913897368, 544
22, 351.3101618537333, 528, 316.09766390460777, 2124
55, 879.0361696447011, 1320, 929.9406591964042, 6298
55, 879.0361696447011, 1320, 929.9406591964042, 6298
55, 879.0361696447011, 1320, 929.9406591964042, 6298
2, 31.275837233689163, 48, 49.729383360999954, 328
14, 219.95315137263412, 336, 199.67144164799896, 1226
29, 456.90815814423473, 696, 487.66580469186835, 4092
22, 343.6048518444538, 528, 311.3444081361896, 2689
6, 93.77213323540563, 144, 80.52800224811374, 937
1, 16.076044883648542, 24, 7.618605101271776, 302
25, 401.01994681672556, 600, 420.5447322515871, 5321
25, 401.01994681672556, 600, 420.5447322515871, 5321
21, 336.9461476112779, 504, 300.23236388794487, 5408
4, 64.27708708217496, 96, 88.35382493173702, 920
1, 16.103108956737017, 24, 20.072130317531506, 500
2, 32.179163305471356, 48, 20.6076525054238, 481
53, 849.7928154619932, 1272, 837.5240379217703, 4854
1, 16.103108956737017, 24, 13.382741026436385, 269
1, 15.9401583677418, 24, 2.8973806843829943, 202
1, 16.116626787694795, 24, 27.54898354431984, 391
1, 16.076044883648542, 24, 13.937051903433666, 374
1, 15.9401583677418, 24, 8.701659045956964, 429
1, 15.9401583677418, 24, 21.65627009650919, 327
4, 64.11436236265119, 96, 50.982963833116436, 2162
75, 1208.5562616297561, 1800, 1230.18435998764, 15947
8, 128.24228984184467, 192, 67.80413644410432, 2322
6, 95.53180860229722, 144, 78.17348716970837, 857
1, 15.926518009512513, 24, 18.42205014108679, 265
3, 47.80683474499612, 72, 49.109863364206426, 700
18, 288.39235599892896, 432, 273.7938364308567, 3468
31, 497.44873635473596, 744, 483.13628979427943, 9225
12, 192.68215828263249, 288, 171.46978391032638, 3383
8, 128.03855852512024, 192, 139.73255205842116, 2344
13, 207.889291299467, 312, 229.9950195184721, 4743
32, 513.7284280153116, 768, 502.3211990852077, 5605
2, 32.030022656629285, 48, 48.518127143384724, 1782
61, 977.097425645154, 1464, 977.0103818171078, 7616
61, 977.097425645154, 1464, 977.0103818171078, 7616
1, 16.03537786553349, 24, 14.778909153096725, 534
50, 803.6916061318484, 1200, 807.0727779128599, 6457
37, 590.5213880008273, 888, 575.494826637841, 7091
2, 32.152089767297085, 48, 22.636442747797194, 1083
63, 1012.2059672823156, 1512, 1038.1457744400243, 11001
40, 643.0819706814189, 960, 613.9617323158491, 6185
40, 643.0819706814189, 960, 613.9617323158491, 6185
73, 1151.3748273307165, 1752, 1142.3040215747462, 9662
4, 63.25450972537235, 96, 54.94710317554719, 1497
74, 1170.5838411777106, 1776, 1161.2091928222326, 9130
8, 126.37173835265068, 192, 125.68441274979388, 3059
30, 967.9087608411896, 716, 952.9841151863703, 7349
42, 667.4793655415026, 1008, 698.1899635722128, 10504
1, 15.926518009512513, 24, 19.842342829613077, 710
52, 828.0416335295153, 1248, 827.7128169446065, 6757
11, 174.82290284322784, 264, 142.11491893807826, 3214
2, 31.414007090924322, 48, 47.74947329822965, 1085
2, 31.386410014605822, 48, 47.73197720231269, 1075
23, 362.1429489486582, 552, 378.0249257526517, 4424
6, 94.40741884907733, 144, 78.7972073488901, 2105
4, 63.103429894913205, 96, 53.257680271670125, 1144
39, 612.3658091933742, 936, 582.7830127714645, 6300
57, 903.2560957729022, 1368, 880.7588622036037, 9393
14, 222.30178865708726, 336, 215.9286826393265, 2035
8, 126.67358183724757, 192, 157.51604363266856, 4183
5, 79.18127962451013, 120, 74.9709494251341, 2299
4, 63.33679092265516, 96, 80.5088018697403, 2079
1, 15.789600450168512, 24, 22.671397588436175, 915
46, 729.8446890832969, 1104, 725.1944488599948, 8966
1, 15.95378934878717, 24, 22.648163355556953, 338
57, 920.2265706824151, 1368, 901.7477512768027, 11119
70, 1124.033463440901, 1680, 1128.6591695655682, 10437
62, 990.631651759927, 1488, 1026.9518393772712, 8128
16, 257.37912151504247, 384, 279.12248141288416, 3995
21, 338.219321523134, 504, 336.04942050232705, 8131
53, 850.7561645426531, 1272, 840.3520927178007, 10854
5, 80.05467126191837, 120, 63.905675902767435, 968
5, 80.38021496112025, 120, 85.61759406878718, 2249
44, 704.3066745662344, 1056, 692.9580449391246, 7102
6, 95.60001038541938, 144, 93.4405207963583, 2386
77, 1229.202879859772, 1848, 1288.8149648871124, 6166
16, 255.2060118204296, 384, 229.20199071176532, 3609
8, 127.41211596862117, 192, 133.59056150242034, 2168
49, 784.9448440328229, 1176, 780.9979411767234, 5844
1, 16.076044883648542, 24, 21.71399487963943, 652
9, 142.77830307462634, 216, 118.75807183725695, 1552
49, 776.2688647768723, 1176, 818.9481846288064, 6787
33, 524.4273011827521, 792, 515.272556033013, 4378
29, 459.722592769396, 696, 490.8053036388878, 4404
34, 537.1620484440208, 816, 510.6914496336612, 6012
13, 206.67602301596514, 312, 198.94755481866954, 2486
40, 631.1027353588648, 960, 640.0407030401072, 6029
1, 15.95378934878717, 24, 13.401549708659292, 349
55, 866.8319013184584, 1320, 912.8581208212997, 23474
5, 79.14014367825244, 120, 72.69209928884717, 1574
4, 63.501120310956736, 96, 102.58370923709089, 2376
1, 15.84447938901929, 24, 28.722480928077623, 981
59, 924.3100677704007, 1416, 936.1025614937023, 7337
67, 1051.746853562696, 1608, 1074.4649790582662, 7193
4, 62.88316212624909, 96, 63.61550274817532, 1971
52, 820.5636317209513, 1248, 838.5148435208968, 10988
10, 158.03331348986035, 240, 147.06970132148572, 3076
31, 487.7024244810266, 744, 438.06194429975574, 6490
53, 834.4537819732224, 1272, 846.9306154268178, 15999
5, 76.27637909896676, 120, 57.9774588175184, 1818
66, 1008.0495951264871, 1584, 1031.7909300942608, 15155
66, 1008.0495951264871, 1584, 1031.7909300942608, 15155
17, 259.99842269792475, 408, 231.47383134022394, 4854
34, 520.7837306576308, 816, 520.491597777849, 7443
55, 845.5450415266255, 1320, 855.4199000712839, 11060
55, 845.5450415266255, 1320, 855.4199000712839, 11060
55, 845.5450415266255, 1320, 855.4199000712839, 11060
55, 845.5450415266255, 1320, 855.4199000712839, 11060
1, 15.95378934878717, 24, 17.695497702817537, 398
55, 845.5450415266255, 1320, 855.4199000712839, 11060
1, 15.401315683912818, 24, 6.259838369164089, 582
3, 46.24591913749463, 72, 44.85314922125001, 1238
1, 15.387315928464139, 24, 18.226323708909398, 1356
5, 76.9085620275015, 120, 61.73378250774441, 2052
3, 46.25990076431971, 72, 33.85172839755782, 1277
5, 76.75436568981604, 120, 64.84450298569591, 2025
2, 30.774631856928277, 48, 39.47759259721177, 1866
2, 30.648408006204157, 48, 38.72903498179968, 1751
62, 953.074210648443, 1488, 931.5296304030608, 13394
62, 953.074210648443, 1488, 931.5296304030608, 13394
62, 953.074210648443, 1488, 931.5296304030608, 13394
4, 61.675207143484585, 96, 74.19981922971894, 1803
2, 30.69052476664397, 48, 46.36157637925009, 1453
1, 15.359289269925041, 24, 26.39427222517702, 1209
2, 30.66245293899405, 48, 24.375426422874348, 1265
1, 15.331226469497025, 24, 16.49845659101978, 2032
4, 61.52124609903736, 96, 60.9958547858919, 3169
4, 61.563263469305234, 96, 54.52795567165856, 1139
120, 1845.1143283077308, 2880, 1832.803164859995, 15886
120, 1845.1143283077308, 2880, 1832.803164859995, 15886
1, 15.9401583677418, 24, 14.351859494340571, 328
48, 734.9010317521982, 1152, 719.9597915946968, 7437
39, 594.597093174239, 936, 608.2001286035594, 8895
27, 411.9036292978569, 648, 407.28812649877364, 5534
21, 319.8447610271077, 504, 313.9447985442357, 4738
2, 30.914448042928733, 48, 63.5393633019647, 1832
6, 92.54775570563754, 144, 87.62592649447775, 1570
1, 15.457224021464366, 24, 10.428038224742934, 630
81, 1250.7890992741472, 1944, 1275.835973078687, 9064
81, 1250.7890992741472, 1944, 1275.835973078687, 9064
44, 679.1954962507169, 1056, 634.5167677106432, 4521
69, 1058.3027741778224, 1656, 1012.2112722608285, 13562
69, 1058.3027741778224, 1656, 1012.2112722608285, 13562
69, 1058.3027741778224, 1656, 1012.2112722608285, 13562
4, 61.50723729162777, 96, 57.35592668783985, 1861
4, 61.56325441734432, 96, 77.76813846365833, 2587
1, 15.317181536707132, 24, 31.742108303457815, 960
3, 45.8390500616811, 72, 36.27155006215, 968
2, 31.90757869757434, 48, 15.929648167448073, 330
61, 1371.3913364373898, 1460, 1374.5488511473668, 1945
99, 1490.0253476735331, 2376, 1540.3507775813373, 2838
66, 988.3948530094532, 1584, 1008.5882389304636, 955
1, 15.9401583677418, 24, 20.647310025249922, 328
17, 271.7317388844059, 408, 284.0126807903009, 2700
17, 271.7317388844059, 408, 284.0126807903009, 2700
9, 143.543145539629, 216, 158.5053302868514, 2765
38, 605.6845998527538, 912, 599.8945740311871, 5184
37, 592.9959368183775, 888, 663.441106625736, 9699
1, 15.967410944629862, 24, 15.244212473175303, 423
14, 223.31204532548202, 336, 227.5963588913909, 4346
1, 15.926518009512513, 24, 22.79710360586979, 651
3, 47.80683474499612, 72, 40.716667536587664, 898
9, 143.39318602584265, 216, 145.51455206019764, 3240
25, 399.44376447933746, 600, 376.1033752366857, 3679
12, 190.81775368358475, 288, 206.49955539778875, 2908
9, 142.90144981551825, 216, 148.56767084695994, 2304
5, 79.35930548961386, 120, 81.21832765381903, 2001
3, 47.57451819599319, 72, 69.25827421924153, 2076
3, 47.72494575785194, 72, 44.59927786979752, 1532
4, 63.596836774419145, 96, 68.74984461201089, 1175
1, 15.885540751991417, 24, 23.88513004700986, 1029
5, 79.4687090847972, 120, 49.83100644539546, 1316
50, 793.4140392685371, 1200, 794.9845007713883, 14114
3, 47.58821464862354, 72, 40.81813808294224, 1428
2, 31.853036019025026, 48, 20.81628859675053, 694
3, 47.478605760107094, 72, 27.561999065043334, 917
2, 31.812077475728366, 48, 25.36048956491811, 858
1, 15.899209193604786, 24, 29.201985915676122, 1172
43, 680.2701742859716, 1032, 682.7301460044553, 6886
1, 15.899209193604786, 24, 11.484516230175503, 476
3, 47.49232084647155, 72, 26.266038154937522, 662
2, 31.771081503982835, 48, 18.492228347423033, 725
2, 31.82573656424716, 48, 38.33588563833352, 1142
3, 47.75225457375967, 72, 38.227708094217725, 469
2, 31.75740371731569, 48, 38.95506064213048, 1487
91, 1434.487455830836, 2184, 1444.3998841704963, 10246
91, 1434.487455830836, 2184, 1444.3998841704963, 10246
1, 15.762105216758169, 24, 24.49982389420385, 980
2, 31.606668275988316, 48, 13.402012493222239, 527
2, 31.400208552765072, 48, 43.94687197292075, 1510
34, 534.2444516136741, 816, 513.8301813736191, 5601
1, 15.720792843596477, 24, 26.67776264445175, 1042
49, 781.5440280921001, 1176, 797.6747273804452, 5125
58, 928.4876125484988, 1392, 936.7456884331689, 9208
49, 787.6035646094152, 1176, 823.0898790875189, 9664
1, 15.899209193604786, 24, 12.141526612535204, 284
4, 63.69242231066112, 96, 45.988716419370036, 960
2, 31.82573656424716, 48, 35.87730526650263, 790
10, 158.75963499417537, 240, 155.26596865718335, 2350
13, 201.9470871721751, 312, 237.79883598543682, 3840
15, 233.43180381197638, 360, 237.7269632963288, 4490
15, 233.43180381197638, 360, 237.7269632963288, 4490
15, 232.98696055316472, 360, 236.48821728626336, 4077
6, 93.27268071102242, 144, 63.853574639053534, 1695
2, 31.192714404058403, 48, 59.71475888316563, 1585
11, 170.55925681768508, 264, 167.1149867484988, 4123
11, 170.55925681768508, 264, 167.1149867484988, 4123
3, 46.58071436274205, 72, 50.633414540469005, 1953
3, 46.74745510904948, 72, 50.27982186314698, 1673
2, 31.081627142675764, 48, 40.43028329594011, 1568
2, 31.081627142675764, 48, 24.945497036969787, 939
5, 77.59277018439943, 120, 63.34342293782947, 1525
28, 433.4299917772959, 672, 360.300468950792, 4598
28, 433.4299917772959, 672, 360.300468950792, 4598
53, 827.4375999173152, 1272, 777.0982996886903, 7435
67, 1036.6644027803254, 1608, 1045.8254187703783, 10627
53, 817.8913635385901, 1272, 837.790290242632, 10345
57, 882.7628458108245, 1368, 926.0127965174216, 7900
3, 46.67803012956746, 72, 41.728032777841975, 1313
62, 966.9455119813942, 1488, 1031.5219758621918, 12139
62, 966.9455119813942, 1488, 1031.5219758621918, 12139
62, 966.9455119813942, 1488, 1031.5219758621918, 12139
2, 31.039891657326706, 48, 41.84966326781219, 1158
2, 31.053809575161367, 48, 27.18890233537563, 851
2, 31.331160486768727, 48, 37.16291547002229, 1404
39, 606.8416324149986, 936, 564.530433444822, 10507
1, 15.624074000429117, 24, 20.56135841094923, 950
4, 62.55167446737833, 96, 38.29811860358973, 1973
1, 15.582485036349828, 24, 20.901635582704934, 748
1, 15.596357202029202, 24, 25.477716239192773, 1026
4, 62.85559277811728, 96, 40.52196154853125, 895
81, 1268.0537064082416, 1944, 1241.5277451354575, 9236
81, 1268.0537064082416, 1944, 1241.5277451354575, 9236
2, 31.386410014605822, 48, 33.89022099793866, 1225
3, 47.16236928265262, 72, 80.71106937619477, 2482
2, 31.331160486768727, 48, 30.839668111284436, 894
56, 1351.2418111021923, 1340, 1323.8758901178542, 9052
85, 1327.046978689576, 2040, 1309.1337639509204, 7447
33, 513.8887626100895, 792, 556.8595062573345, 7832
43, 667.6427139504005, 1032, 669.5154056958833, 9314
55, 849.4626026198459, 1320, 833.7809083236327, 13778
4, 61.96836698124274, 96, 55.16550799848446, 1062
2, 30.858576011979906, 48, 36.07065752997086, 1400
31, 479.7039013409766, 744, 497.46858376070657, 12193
1, 15.429288005989953, 24, 26.680243908695314, 853
2, 30.802631367825636, 48, 34.51018609499359, 1242
27, 423.4126258745725, 648, 431.12072675636017, 6863
3, 47.10721209822724, 72, 35.948405093299904, 732
1, 15.720792843596477, 24, 15.248070923253499, 662
2, 31.414007090924322, 48, 37.11565776638641, 1290
5, 78.4522080345401, 120, 91.40818490342735, 1728
85, 1328.959023089221, 2040, 1324.2003057061627, 11007
85, 1328.959023089221, 2040, 1324.2003057061627, 11007
54, 848.4808441833383, 1296, 868.9560407760517, 6365
84, 1309.926071703297, 2016, 1270.7607607369068, 11496
3, 47.245031062044625, 72, 59.21496506182039, 2351
33, 522.96315439411, 792, 511.3614827490197, 5755
33, 522.96315439411, 792, 511.3614827490197, 5755
33, 522.96315439411, 792, 511.3614827490197, 5755
15, 236.44517290117412, 360, 211.0173398761012, 5435
2, 31.743725930648544, 48, 17.93624096398462, 550
1, 15.345262383321986, 24, 6.909704006611079, 419
3, 45.93749066662885, 72, 79.51054639212542, 2347
4, 61.33894179181306, 96, 83.93573957602395, 1398
2, 30.718578539850082, 48, 25.711046642918085, 1255
17, 261.1919885453622, 408, 257.67774309395435, 4269
61, 929.2940516447001, 1464, 966.2551583462541, 7358
4, 61.1703215350754, 96, 69.78816301793425, 1502
109, 1667.5741210941328, 2616, 1658.5059099069128, 8840
109, 1667.5741210941328, 2616, 1658.5059099069128, 8840
50, 769.5463267448022, 1200, 798.5518303415869, 7496
6, 92.46385688448514, 144, 96.60790559319176, 2178
72, 1116.4043585772176, 1728, 1075.7426710575037, 6947
58, 878.2539985317682, 1392, 875.4385076937184, 1578
90, 1368.4166094043835, 2160, 1384.4005386486938, 8186
5, 75.66889335311048, 120, 70.82380364836665, 637
2, 30.253390574014084, 48, 29.905271628771757, 175
36, 546.1745944640152, 864, 555.7091300431268, 2431
17, 255.69856370265995, 408, 269.04682796186773, 567
2, 30.11146517889361, 48, 34.54833330457819, 246
22, 330.42930537732536, 528, 328.34406250927077, 798
37, 558.744652023041, 888, 507.1108385706059, 874
42, 632.1980549517111, 1008, 605.8029132228875, 842
17, 255.28588568093568, 408, 247.1747368644657, 501
37, 554.1215685197203, 888, 557.9181718567044, 956
37, 554.1215685197203, 888, 557.9181718567044, 956
