9715, 5070.835914769067, 233144, 5081.001553364184, 11982
6372, 3454.3228893887, 152924, 3461.6157627262796, 5244
5673, 3095.7830114559533, 136148, 3102.4913994070644, 2866
11203, 6175.875678282722, 268864, 6190.9376653783875, 7375
18096, 9344.929876310494, 434296, 9358.505417169421, 6856
7446, 4001.9824128895734, 178700, 4002.955420327247, 9366
5616, 2677.642143072793, 134780, 2675.78867660983, 13060
6023, 3323.8770144861696, 144548, 3333.95228022526, 10984
232, 105.36701852657382, 5568, 104.83190785951092, 1065
874, 425.86344617100985, 20968, 427.1945432551877, 2406
592, 296.5631039484657, 14200, 297.1256019706467, 1549
11428, 6145.340782902973, 274264, 6157.542820581962, 4995
13376, 7050.521275807395, 321016, 7061.0119495118015, 4469
16478, 8342.039993096249, 395460, 8352.474004872976, 8681
850, 373.1125639388718, 20400, 375.36331905570705, 4654
1, 0.4380392900412155, 24, 0.10481453710627235, 57
2, 0.8767734138424789, 48, 0.9851665808855341, 175
2, 0.8720776430249997, 48, 0.5266693475089084, 40
5, 2.3653171883393367, 120, 1.8932843432772892, 61
2, 0.8834175327696541, 48, 0.7533916258787656, 116
1, 0.43717010890363395, 24, 0.08320634637961873, 18
1, 0.4332767534213973, 24, 0.7144392451266457, 106
1, 0.4364741129307782, 24, 0.30179604998178305, 79
13889, 7088.736929086555, 333328, 7102.906171695769, 8759
115, 50.9897214901872, 2760, 52.04596444425925, 712
11421, 5076.195905860728, 274104, 5087.185041684564, 6466
3, 1.3104085478959997, 72, 1.4875327277579797, 157
1, 0.43670617582551996, 24, 0.3498020781003162, 110
24156, 11611.142328712125, 579736, 11643.371883048245, 15733
1, 0.4375758393916942, 24, 0.3593173763087664, 54
3, 1.328669731811956, 72, 1.2394564544123845, 54
2023, 895.0536800834586, 48552, 895.5390358775837, 3205
41, 17.746223910464206, 984, 17.65791405024546, 797
2, 0.8748619155164068, 48, 0.886073992506921, 306
1, 0.4328689506782114, 24, 0.449928043010069, 43
4, 1.7311844314626472, 96, 1.6140585393962852, 92
2, 0.8703351271166442, 48, 0.9803401210891726, 184
2204, 956.5589145930817, 52896, 960.5489979383517, 12967
2204, 956.5589145930817, 52896, 960.5489979383517, 12967
2, 0.870683774412471, 48, 0.8344277554232501, 97
1, 0.43438266235377737, 24, 0.3974707431953984, 43
48, 20.815568112889512, 1152, 19.569453602195864, 425
37, 16.054121174159565, 888, 16.622063322942452, 288
10, 4.341732314033951, 240, 3.5440166467743244, 741
9550, 5081.313017487428, 229192, 5088.680391391989, 29689
1, 0.43374257473341266, 24, 0.6585649033342936, 90
78, 34.21754573614285, 1872, 34.75052973077946, 1723
9652, 4281.8893971416155, 231636, 4290.72841386975, 10575
413, 179.11976252099163, 9912, 181.48781898791387, 2669
13832, 6014.278803008167, 331968, 6020.356080934793, 8433
8, 3.534765496114491, 192, 4.029533366612109, 163
136, 58.93635080663908, 3264, 59.05546535803783, 212
12, 5.191280243824278, 288, 5.664988626470409, 217
23, 9.932896673127992, 552, 10.148817514038532, 502
66, 28.493778046379287, 1584, 28.73652830722394, 297
4, 1.7257020530618687, 96, 1.9212494743745923, 93
1, 0.43368436101783203, 24, 0.4065671903667738, 70
194, 83.62026757576916, 4656, 82.65857553153506, 466
14, 6.193893260091314, 336, 5.479566648036438, 24
4, 1.752041317623649, 96, 1.9548221194291588, 379
1, 0.43304374716617566, 24, 0.09288125041728848, 40
4, 1.7276277191615492, 96, 1.998592021365476, 149
11638, 5077.186297764955, 279312, 5094.157820718323, 6095
11638, 5077.186297764955, 279312, 5094.157820718323, 6095
88, 38.11314957410068, 2112, 37.251101380133214, 270
6, 2.6543446202728536, 144, 2.609277881691163, 156
64, 28.264517346109816, 1536, 27.491116813861705, 315
70, 31.003329220872832, 1680, 31.755092753752766, 286
41, 18.12294353480467, 984, 17.418331748209496, 184
15374, 6855.935762715269, 368976, 6871.861611062498, 4996
39, 17.2005406827238, 936, 17.44867257887628, 225
8, 4.018059023951265, 192, 4.42731350370959, 87
47, 20.74130859336596, 1128, 19.94275020835005, 389
6, 2.636742009858448, 144, 2.962770109480379, 137
5, 2.195579070978522, 120, 1.976126885546077, 100
1, 0.43664816612166574, 24, 0.6455287221424311, 209
12, 5.290236626265826, 288, 5.860926976976845, 145
17, 7.505560239566817, 408, 7.894087914205282, 88
14909, 6669.36939093639, 357816, 6687.502547923497, 9684
2409, 1079.6712401822742, 57816, 1078.362881768795, 2735
16266, 7325.508272042881, 390384, 7339.716550620567, 6948
2550, 1160.6682163789994, 61200, 1165.0667724751474, 2099
11953, 5454.060194995783, 286872, 5464.176918154039, 9241
6060, 2773.7302361541724, 145440, 2774.4956121076966, 9423
6455, 2978.69194114348, 154920, 2984.7689214795805, 9707
9273, 4807.696803493751, 222548, 4820.163322499688, 9292
9273, 4807.696803493751, 222548, 4820.163322499688, 9292
9648, 4557.116469511967, 231552, 4568.664599303393, 5463
9849, 4656.218290506183, 236376, 4667.226982672817, 7418
12221, 5668.592429722119, 293304, 5681.851601234007, 8097
12707, 5815.93911605498, 304968, 5832.380771925568, 6524
18680, 8978.423428013948, 448316, 9004.694702771383, 5195
18680, 8978.423428013948, 448316, 9004.694702771383, 5195
1136, 530.7612419816178, 27264, 529.113657102431, 2100
2787, 1333.3916773883461, 66880, 1337.1873117643343, 5045
1506, 703.9973615297279, 36144, 707.8639428936273, 5798
3, 1.3100025080688513, 72, 1.084180712971329, 423
1271, 590.1620409890231, 30504, 588.0093362720764, 4421
2288, 1061.5809689398936, 54912, 1062.975457239419, 7610
4090, 1890.1220910299137, 98160, 1895.8090640619384, 7673
3120, 1924.0855974550404, 74876, 1927.2359879059384, 4953
9664, 4430.994361656805, 231936, 4444.838861628335, 6298
1989, 935.690847485383, 47736, 939.4125964610255, 2944
16961, 7694.451803298448, 407064, 7709.291463701512, 8825
3280, 1541.3344017755642, 78720, 1543.9993460178862, 10407
25, 11.832394075822723, 600, 10.020921552726614, 305
2, 1.004329572138129, 48, 0.446047604511864, 90
6287, 3139.343862490218, 150888, 3139.359181158411, 10429
6287, 3139.343862490218, 150888, 3139.359181158411, 10429
27, 12.79898481369951, 648, 12.141364931635557, 358
3, 1.4232141306088912, 72, 0.9683533984947575, 61
4108, 1936.6425786887796, 98592, 1943.1758173400826, 7908
7177, 3399.385461542214, 172248, 3404.7185219970856, 7998
9790, 4699.212354777638, 234960, 4705.78284403877, 11608
5534, 3156.232508106698, 132812, 3164.6175826776835, 3850
8738, 4164.30354774013, 209712, 4173.622088251717, 6186
6248, 2937.945748017878, 149952, 2950.273279578666, 7980
3431, 1644.1629338974244, 82332, 1646.2107157427822, 9430
9324, 4328.3404829154715, 223776, 4336.286089960636, 13060
441, 211.00311056239138, 10584, 210.73785803674548, 1125
2081, 992.0346779788509, 49944, 994.5774251720596, 2204
6914, 3339.578582178871, 165928, 3343.790929984614, 8628
4128, 1989.3672289332594, 99072, 2000.7106927581815, 4534
6, 2.901063940139342, 144, 2.576840282039886, 181
4244, 2027.5146126216666, 101856, 2029.4236469584469, 4346
8251, 4009.939917422608, 198024, 4024.2244827397776, 7430
6623, 3209.0194995137267, 158952, 3216.168290820496, 4183
1309, 634.7267446960896, 31416, 638.069451307576, 2193
1894, 1009.0181314153117, 45432, 1009.8647091609638, 5384
1894, 1009.0181314153117, 45432, 1009.8647091609638, 5384
725, 356.58741413049796, 17400, 355.4518572268901, 2903
3298, 1619.728696184633, 79152, 1624.2510874433706, 11319
3298, 1619.728696184633, 79152, 1624.2510874433706, 11319
8881, 4400.710024792813, 213144, 4411.779984702221, 13229
5748, 2825.7372241278567, 137952, 2834.2132708284366, 13319
10008, 4876.012422070035, 240192, 4882.507433948802, 18351
2866, 1406.2707723707076, 68784, 1407.5205643934614, 6494
24, 11.83216165564321, 576, 11.425813301040938, 193
5891, 2882.540141685287, 141384, 2888.5032125558096, 8912
4327, 2141.721702212837, 103848, 2144.938888356071, 3525
15, 7.533265425225871, 360, 7.618605101271776, 302
8268, 4139.595250759577, 198432, 4146.461088837607, 6112
235, 132.35286320682715, 5636, 134.8676551336499, 987
98, 48.77970320106934, 2352, 49.109863364206426, 700
252, 125.54338351897805, 6048, 126.64956536470325, 1348
6525, 3330.58945429026, 156584, 3332.9953175235855, 23703
6525, 3330.58945429026, 156584, 3332.9953175235855, 23703
8975, 5539.983044755843, 215388, 5553.119246653375, 21498
10223, 5121.414286041867, 245336, 5124.988887794121, 20776
8638, 4381.3032933331615, 207284, 4387.826333409835, 20972
12206, 6061.262542075099, 292940, 6080.52146916444, 28436
7735, 3880.8252565905937, 185640, 3887.5048428106134, 22401
7735, 3880.8252565905937, 185640, 3887.5048428106134, 22401
9669, 4836.294715286071, 232056, 4846.070647466977, 17998
7138, 3531.890715859534, 171312, 3542.7373405859007, 12406
2558, 1241.6519412759271, 61392, 1244.4479054234, 13301
14697, 7138.822709475064, 352728, 7151.436029223802, 38314
10987, 5330.745575927626, 263688, 5343.060653638009, 22999
7285, 4061.634644900139, 174836, 4074.7581526639183, 20905
11573, 6195.765688091082, 277748, 6214.487864898328, 26777
7432, 4051.58403333767, 178364, 4057.3580012244083, 26555
8085, 3869.0478196900617, 194040, 3882.1960100996203, 21210
17071, 8196.561446527492, 409704, 8210.425580740102, 19299
6122, 2902.290580074192, 146928, 2916.3074653080944, 9067
13697, 6461.631663627397, 328716, 6477.5146096596445, 5973
13697, 6461.631663627397, 328716, 6477.5146096596445, 5973
157, 73.59500317437868, 3768, 74.08938245770649, 1240
157, 73.59500317437868, 3768, 74.08938245770649, 1240
157, 73.59500317437868, 3768, 74.08938245770649, 1240
259, 121.40466697684751, 6216, 120.84661891405314, 3287
108, 50.706193194973764, 2592, 51.06998649330036, 1234
119, 70.38724037738855, 2852, 69.61214375216731, 1579
960, 447.9538161372435, 23040, 451.49806620228054, 852
571, 267.29002742775697, 13704, 268.3158775196397, 2973
82, 38.442560501844426, 1968, 39.176051334229975, 368
153, 86.1834870734258, 3668, 87.60620720112917, 553
1367, 697.1199790290473, 32792, 699.6387302008218, 1611
1337, 671.5704246251122, 32076, 673.5599173309123, 2744
808, 378.2167902981847, 19392, 375.97936441237164, 1439
3635, 1706.5788191798797, 87236, 1712.4377507819127, 2212
1143, 527.8948068414603, 27432, 530.3776542612316, 1058
2910, 1344.3298830089773, 69840, 1345.7429420556018, 2221
2643, 1222.6672280105104, 63432, 1226.3708030900975, 1527
207, 96.42955777722987, 4968, 98.04776854339451, 709
239, 111.52395224398312, 5736, 110.80912059328351, 1095
191, 88.98258906641794, 4584, 88.63363278075559, 529
242, 127.45412685581113, 5804, 125.52966601077762, 476
1541, 749.3451412868659, 36976, 748.4012991943795, 2619
1553, 760.2335356306754, 37264, 764.731560443107, 5643
195, 91.68260598355862, 4680, 93.08239051060647, 1254
1990, 964.1716242441114, 47752, 964.533455271736, 8803
2591, 1221.1449152102587, 62180, 1222.4559895876325, 1677
106, 49.37291124261366, 2544, 49.05164442949487, 295
302, 140.71288431379622, 7248, 140.66969861628456, 918
254, 118.65974953352371, 6096, 118.95259127222621, 1466
739, 343.23676161801933, 17736, 346.32569984779224, 1068
806, 377.2364533387956, 19344, 375.45355345779944, 1721
2651, 1286.536632429489, 63612, 1295.357676381675, 4123
1771, 885.4708583121932, 42488, 886.345857905763, 2066
3445, 1600.3039705540336, 82680, 1605.2064392887341, 1839
2321, 1075.6816741595487, 55704, 1076.0839822619764, 2086
1593, 739.6163557261265, 38232, 742.5328634510785, 1057
2, 0.9320157072957622, 48, 0.5559243804832106, 37
2003, 961.90684501779, 48064, 964.4692605145915, 2206
22, 10.172974434751131, 528, 10.192139701543256, 113
946, 438.75485830681896, 22704, 439.4388654829808, 2477
1019, 470.67098489058066, 24456, 469.9050560164178, 611
2742, 1267.063457121135, 65808, 1268.2431761554399, 3359
2742, 1267.063457121135, 65808, 1268.2431761554399, 3359
2742, 1267.063457121135, 65808, 1268.2431761554399, 3359
76, 35.1702114117108, 1824, 34.363620339721585, 361
311, 143.72006604413005, 7464, 143.82152141824778, 1053
2428, 1143.9428650789869, 58268, 1145.5470573128541, 2657
2428, 1143.9428650789869, 58268, 1145.5470573128541, 2657
2428, 1143.9428650789869, 58268, 1145.5470573128541, 2657
2428, 1143.9428650789869, 58268, 1145.5470573128541, 2657
2428, 1143.9428650789869, 58268, 1145.5470573128541, 2657
2160, 1068.3593010867517, 51824, 1070.685983783368, 1869
777, 364.5459801941234, 18648, 365.57768244690345, 1274
1639, 758.1467829753229, 39336, 759.3640249075993, 1467
1639, 758.1467829753229, 39336, 759.3640249075993, 1467
74, 34.31104124469265, 1776, 35.950664264157105, 261
64, 29.612656580342613, 1536, 29.959339923214976, 185
2030, 934.648643298146, 48720, 932.9586398670026, 1596
2105, 972.1632024074968, 50520, 975.4548615081648, 1413
7, 3.3154368984255216, 168, 3.413364721296652, 140
1712, 840.7154898816989, 41080, 839.2750198279357, 6198
1026, 499.5349645544739, 24620, 497.47242128781386, 1279
1068, 547.0012594647316, 25620, 548.4959102299417, 1351
1017, 507.698425409748, 24400, 509.0883543228777, 1113
768, 419.81642292037566, 18416, 419.1536427497543, 973
362, 185.63606790180904, 8684, 187.35549130771278, 1012
2044, 997.479473268177, 49048, 998.7012158819527, 4010
214, 101.08512739771575, 5136, 101.73512558119728, 742
632, 298.9922317089104, 15168, 298.73933038191757, 1269
263, 139.17661801105453, 6308, 139.4496566659449, 781
998, 474.3779453995907, 23952, 474.09611681245104, 1962
33, 15.62535146430461, 792, 14.962439196507045, 131
928, 440.4700115283224, 22272, 438.5765701778521, 2334
328, 154.54740545953433, 7872, 155.06738159937612, 510
746, 352.62031105741056, 17904, 348.6894300275396, 1466
780, 370.28834014406056, 18720, 370.8387319872817, 1481
694, 330.45880090186483, 16656, 333.6338941789849, 7314
313, 176.79446737788362, 7504, 176.42028337880805, 779
1, 0.4712686278472985, 24, 0.35687479531775135, 11
545, 271.2639401676651, 13076, 270.8552208279865, 1256
545, 271.2639401676651, 13076, 270.8552208279865, 1256
604, 312.7041844377493, 14488, 315.5228641910578, 2731
1524, 751.1469212264925, 36568, 754.1054484489911, 5948
545, 286.5579604768566, 13072, 292.9721966678839, 729
1524, 751.1469212264925, 36568, 754.1054484489911, 5948
1041, 535.4154855166653, 24972, 535.8493619931065, 3201
1, 0.43670617582551996, 24, 0.3498020781003162, 110
58, 27.459570451350103, 1392, 27.195756166310954, 262
67, 46.11251267449569, 1604, 48.25866619806175, 1704
1916, 989.225669118259, 45960, 988.2269047181753, 3688
1916, 989.225669118259, 45960, 988.2269047181753, 3688
25, 11.346092328099294, 600, 10.845364817105143, 215
21, 9.535103058147804, 504, 10.760986266351292, 410
1, 0.43438266235377737, 24, 0.3974707431953984, 43
1386, 633.351169626684, 33256, 633.4544306155566, 3225
2, 0.8767734138424789, 48, 0.9851665808855341, 175
57, 25.890326779653023, 1368, 26.140735678293698, 308
24, 10.899547458282736, 576, 10.341675732244793, 314
2, 0.8720776430249997, 48, 0.5266693475089084, 40
850, 373.1125639388718, 20400, 375.36331905570705, 4654
1167, 525.1053824049903, 28004, 527.0586337315988, 2188
1, 0.4380392900412155, 24, 0.10481453710627235, 57
23, 10.438525302086592, 552, 10.405954136337272, 266
53, 24.092896539521753, 1272, 24.844470830280482, 205
1, 0.43717010890363395, 24, 0.08320634637961873, 18
184, 97.79688401553469, 4412, 98.69260493552562, 1140
352, 188.39822329110658, 8440, 188.09420518913416, 2293
1387, 675.0432464348659, 33276, 678.0203717419253, 2317
1865, 901.2014538050934, 44744, 900.7450708182535, 2146
3953, 1838.4216170682244, 94860, 1843.3440744350848, 2745
2009, 948.4774839013218, 48208, 951.1541081411034, 1107
3072, 1451.6092092411773, 73716, 1454.4894132914487, 2071
899, 438.7846859940459, 21568, 437.0441102548894, 1795
899, 438.7846859940459, 21568, 437.0441102548894, 1795
3308, 1556.972943143708, 79376, 1563.204908768693, 2046
30, 13.620772925156187, 720, 12.62924909871602, 449
6, 2.7251423333036353, 144, 3.1517623073255936, 442
33, 14.992142062042904, 792, 14.538231971771388, 591
9, 4.090097004979038, 216, 4.688743826688129, 287
29, 13.232322902547606, 696, 12.778191644616932, 109
1727, 814.9279144767536, 41440, 818.0971178116939, 2211
1448, 690.4864982848766, 34744, 689.048721314851, 1756
796, 378.9652042690819, 19100, 379.4220929186197, 1225
1233, 607.2712834685329, 29580, 606.7673350702119, 1202
1968, 929.4059389437951, 47224, 932.34146303702, 2357
3516, 1632.0237968435663, 84380, 1635.0862003361233, 2345
3076, 1860.3454670384629, 73816, 1862.7954848598638, 2402
1255, 561.4230303175652, 30120, 563.7735913484423, 895
1293, 584.6009745057418, 31032, 583.2791486528018, 1846
916, 427.4990854426665, 21980, 429.65268421267626, 1720
3013, 1368.6785479501928, 72308, 1374.1160454755598, 3025
4711, 2132.487341162159, 113060, 2130.1767047934386, 2726
3144, 1406.116577083129, 75456, 1408.6803455355675, 2783
2661, 1232.2436624122704, 63848, 1234.088569535848, 1614
5227, 2757.443853372065, 125444, 2764.4359762097647, 6126
7784, 3955.9099856269554, 186804, 3968.1322590066125, 5780
29, 13.175361602921994, 696, 12.174568841854612, 472
37, 16.819533305960842, 888, 16.949974817002726, 434
58, 26.37523200881607, 1392, 25.357101834012454, 890
68, 30.943867376376502, 1632, 30.398007214259618, 647
94, 42.77911640530035, 2256, 44.22102663290417, 485
77, 35.01360619449756, 1848, 34.37392492915471, 291
437, 213.08088356612276, 10484, 214.41908722386455, 1366
134, 60.84485592326828, 3216, 61.475420604158174, 523
2, 0.8834175327696541, 48, 0.7533916258787656, 116
6393, 2857.9150552568876, 153424, 2868.173378442949, 5310
43, 18.806661046214682, 1032, 18.99481497877397, 515
92, 41.730246281976676, 2208, 41.985202290435055, 393
166, 75.21760661672258, 3984, 75.9492152806792, 724
31, 14.067089645727625, 744, 14.134181258503087, 388
1, 0.4364741129307782, 24, 0.30179604998178305, 79
106, 48.04730418687357, 2544, 48.41942407479651, 928
4, 1.7311844314626472, 96, 1.6140585393962852, 92
172, 106.15476488906494, 4120, 105.79221424918597, 925
3, 1.3104085478959997, 72, 1.4875327277579797, 157
41, 18.621048857290255, 984, 18.158501198762863, 447
1, 0.4375758393916942, 24, 0.3593173763087664, 54
1374, 612.5328678735245, 32972, 616.5464346067946, 6783
39, 18.699791095906015, 936, 18.786073396882156, 97
1736, 863.0588944448536, 41656, 865.0273887023975, 1494
1174, 595.0565000126949, 28168, 597.6396225392359, 1360
478, 245.13270183688536, 11468, 243.36721513349235, 1127
1336, 689.7606316279434, 32052, 693.66200455977, 1666
2, 0.8748619155164068, 48, 0.886073992506921, 306
413, 180.76480017050147, 9912, 179.4917154582028, 1015
1, 0.4332767534213973, 24, 0.7144392451266457, 106
41, 17.746223910464206, 984, 17.65791405024546, 797
224, 106.6648008826513, 5376, 105.52649174525139, 952
178, 84.8101107408598, 4272, 85.60522088506818, 805
106, 50.39892499108438, 2544, 50.142077085919595, 982
155, 74.0179285283664, 3720, 74.71071028073352, 749
644, 305.5392449334627, 15456, 307.2019733019301, 1320
189, 83.01304542725383, 4536, 82.99653568413642, 363
245, 120.91323572977828, 5876, 120.02183556183898, 2777
1646, 720.3958148437249, 39504, 720.681464982254, 7577
70, 30.66072200764514, 1680, 29.988997287387892, 1073
4538, 2050.967631925935, 108896, 2058.187775014634, 14176
10, 4.341732314033951, 240, 3.5440166467743244, 741
2058, 910.713069632237, 49388, 909.7994533282285, 15832
87, 54.905800419254746, 2084, 56.10352204454521, 1557
37, 16.054121174159565, 888, 16.622063322942452, 288
97, 59.771725683550294, 2324, 58.90634927395605, 1955
2, 0.870683774412471, 48, 0.8344277554232501, 97
1, 0.4328689506782114, 24, 0.449928043010069, 43
48, 20.815568112889512, 1152, 19.569453602195864, 425
2, 0.8703351271166442, 48, 0.9803401210891726, 184
2094, 908.8155752047522, 50256, 913.5462711908818, 13735
10, 4.4332160885751275, 240, 4.3098770656305545, 158
10, 4.431144222393485, 240, 4.33100033244833, 134
51, 22.14467066117333, 1224, 22.42604122226619, 425
2186, 1022.9517509319635, 52448, 1023.9970140612525, 4590
5718, 2555.1626236460406, 137228, 2562.550517338584, 3651
6695, 3014.718159846998, 160672, 3021.7470942643113, 8131
1026, 494.1464986245404, 24612, 494.61154603304595, 4375
13, 5.7592383412229955, 312, 6.150743635949923, 430
11, 4.876278732085008, 264, 4.980398194558, 383
2, 1.004329572138129, 48, 0.446047604511864, 90
859, 490.5441957185662, 20600, 490.4902258633858, 3771
859, 490.5441957185662, 20600, 490.4902258633858, 3771
71, 35.40508043459704, 1704, 36.347271796505694, 1175
772, 384.33736741666155, 18528, 381.63251556968135, 3591
423, 210.12802774895104, 10152, 212.06719555426864, 2268
33, 14.636258589066006, 792, 15.474154994414965, 303
37, 16.360718422387603, 888, 17.133649438178214, 121
157, 69.54488238835987, 3768, 69.85493185299833, 908
372, 165.2773570218247, 8928, 164.2630840818142, 646
38, 16.853585516844525, 912, 16.799790221178025, 244
131, 58.20621922679637, 3144, 58.694356789958114, 566
298, 132.27095541284885, 7152, 130.93685483998712, 847
1649, 735.3670063037937, 39576, 736.4572911894135, 1744
2192, 979.1771675046215, 52608, 979.6815122456601, 2048
736, 327.92254010451677, 17664, 330.8475663002629, 701
191, 85.42604437031214, 4584, 84.62516568087726, 540
85, 37.70111948671, 2040, 38.100567285357805, 651
442, 196.29488329156885, 10608, 198.05495866381597, 1326
442, 196.29488329156885, 10608, 198.05495866381597, 1326
56, 24.942675179979464, 1344, 25.181155743133214, 205
129, 57.62178601084984, 3096, 57.038055169571585, 222
22, 9.489113837849166, 528, 9.43465860411719, 84
26, 11.529526417858383, 624, 11.136905446412648, 91
201, 86.72368352844562, 4824, 88.38749547998178, 851
201, 86.72368352844562, 4824, 88.38749547998178, 851
772, 338.16824103489205, 18528, 336.0373758210237, 2296
272, 119.83573174111467, 6528, 117.56306423493287, 799
322, 156.66500115165084, 7724, 156.1904815075647, 476
360, 159.83899275586504, 8640, 162.51387816134147, 857
189, 111.15423329412602, 4528, 110.73536610060268, 429
2786, 1313.286448467852, 66840, 1318.6246474014604, 2720
1038, 461.26971527029934, 24912, 461.93671821112537, 1276
140, 62.30231688622092, 3360, 62.166476864156394, 261
3, 1.328669731811956, 72, 1.2394564544123845, 54
12, 5.2282270034374685, 288, 5.3936380316229835, 90
61, 27.027279944757097, 1464, 27.474605499517814, 431
142, 62.86370541509966, 3408, 62.48070825256107, 543
113, 50.116830114280305, 2712, 49.58655999508999, 278
14, 6.198904077825826, 336, 5.8594521389432455, 197
231, 102.14811289272258, 5544, 102.99799260837918, 1427
231, 102.14811289272258, 5544, 102.99799260837918, 1427
34, 15.07103554046121, 816, 15.110676216904789, 288
55, 24.337982267373516, 1320, 24.616250335253124, 453
29, 12.854513833435853, 696, 12.581600258439813, 584
185, 95.39386050690554, 4436, 97.72321024962335, 981
8, 3.534765496114491, 192, 4.029533366612109, 163
1017, 448.3283591979179, 24408, 448.0027880381668, 806
76, 33.663259164835, 1824, 32.473722411979445, 193
55, 24.370170602522748, 1320, 24.709889392140106, 201
1, 0.43304374716617566, 24, 0.09288125041728848, 40
25, 11.070174910722184, 600, 9.986440224988492, 203
716, 344.05161442002424, 17176, 342.9493470018536, 2121
476, 209.41380972797552, 11424, 210.61728722305568, 3043
813, 356.91916366214497, 19512, 358.1162122950744, 2971
92, 40.56769439117882, 2208, 38.77557169772122, 764
413, 179.11976252099163, 9912, 181.48781898791387, 2669
2116, 937.1680423604292, 50780, 936.9451014327132, 3463
224, 112.01205310373709, 5372, 114.48920625434711, 645
404, 204.41790407261266, 9688, 204.2493548319246, 1650
2039, 968.1685560867605, 48916, 968.6785459596352, 3353
406, 193.06732072862425, 9740, 194.8078940287564, 1119
2772, 1260.219538966013, 66516, 1264.0492401461684, 5283
78, 34.21754573614285, 1872, 34.75052973077946, 1723
409, 177.9584629839103, 9816, 174.9625455650356, 1279
1582, 689.1120364885652, 37968, 689.1633916927818, 2576
447, 194.08669398792182, 10728, 195.12681147633216, 607
898, 405.28197800190674, 21548, 406.1549480962448, 2765
1474, 637.799473547628, 35376, 639.2534066126599, 3037
1474, 637.799473547628, 35376, 639.2534066126599, 3037
1474, 637.799473547628, 35376, 639.2534066126599, 3037
227, 99.33387637315919, 5448, 99.60002956769961, 452
700, 306.7230575315991, 16800, 309.0616915421229, 1211
72, 31.41534186457458, 1728, 32.90152253811429, 270
600, 289.86137304286433, 14392, 291.5937484600803, 982
336, 147.8525926554399, 8064, 147.79925350123406, 758
37, 16.085185190357304, 888, 15.320126745513631, 215
103, 44.814905020650414, 2472, 45.025210479001466, 432
529, 230.24739766278532, 12696, 232.43036884250196, 886
2004, 863.26684670829, 48096, 863.2179149654679, 2591
71, 30.98838478150705, 1704, 31.021338148405395, 312
98, 42.80213296058909, 2352, 42.66826073189549, 108
2976, 1292.038437947819, 71424, 1293.2644902752263, 3014
2976, 1292.038437947819, 71424, 1293.2644902752263, 3014
6, 2.6543446202728536, 144, 2.609277881691163, 156
846, 373.83437554148674, 20304, 376.6496423925598, 1237
846, 373.83437554148674, 20304, 376.6496423925598, 1237
2287, 1003.5683845002532, 54888, 1004.6889691533743, 2164
91, 53.53046054995302, 2180, 53.75078231264791, 301
4, 1.752041317623649, 96, 1.9548221194291588, 379
3039, 1355.4905540766913, 72928, 1361.3277692283577, 2818
3039, 1355.4905540766913, 72928, 1361.3277692283577, 2818
1, 0.43374257473341266, 24, 0.6585649033342936, 90
4, 1.7257020530618687, 96, 1.9212494743745923, 93
1, 0.43368436101783203, 24, 0.4065671903667738, 70
3090, 1338.5757254193668, 74160, 1342.9338984761991, 2793
4, 1.7276277191615492, 96, 1.998592021365476, 149
23, 9.932896673127992, 552, 10.148817514038532, 502
88, 38.11314957410068, 2112, 37.251101380133214, 270
136, 58.93635080663908, 3264, 59.05546535803783, 212
1297, 557.4018558161131, 31128, 560.5547534294932, 1297
12, 5.191280243824278, 288, 5.664988626470409, 217
39, 17.2005406827238, 936, 17.44867257887628, 225
194, 83.62026757576916, 4656, 82.65857553153506, 466
66, 28.493778046379287, 1584, 28.73652830722394, 297
390, 175.37312443289485, 9360, 175.7073566148846, 1335
1599, 716.0932948642219, 38376, 716.2890276400758, 1984
236, 105.36074243523741, 5664, 106.41988266107977, 648
711, 319.0042700373244, 17064, 321.53096111169197, 624
211, 107.25342274831658, 5060, 107.63496828514272, 982
826, 367.66697374710367, 19824, 370.48447042785887, 837
2043, 905.2162351231794, 49032, 908.3719625042613, 1700
12, 5.290236626265826, 288, 5.860926976976845, 145
47, 20.74130859336596, 1128, 19.94275020835005, 389
64, 28.264517346109816, 1536, 27.491116813861705, 315
14, 6.193893260091314, 336, 5.479566648036438, 24
17, 7.505560239566817, 408, 7.894087914205282, 88
41, 18.12294353480467, 984, 17.418331748209496, 184
881, 445.19053028638996, 21128, 446.6812874332268, 1047
2774, 1236.2457594956054, 66576, 1238.509950051726, 2606
157, 70.10867905886536, 3768, 69.86286590999495, 237
70, 31.003329220872832, 1680, 31.755092753752766, 286
716, 318.469627567286, 17184, 316.51880714112315, 880
2879, 1288.260275600208, 69096, 1290.17855514772, 2633
2879, 1288.260275600208, 69096, 1290.17855514772, 2633
6, 2.636742009858448, 144, 2.962770109480379, 137
124, 55.757538670071355, 2976, 55.13046237300925, 280
1348, 599.8264775318544, 32352, 600.5919425149132, 1403
5, 2.195579070978522, 120, 1.976126885546077, 100
297, 158.1492431667192, 7120, 160.368862349845, 895
481, 216.24972777289554, 11544, 217.81197715546537, 343
328, 147.4055918954433, 7872, 147.99287791840553, 509
2223, 1031.7679130603508, 53344, 1033.3297987964904, 1494
3933, 1767.3263575365636, 94392, 1771.4956719723498, 3802
7, 3.2121717503039195, 168, 2.8576041961010423, 22
189, 100.83179798657088, 4532, 100.424920811811, 571
337, 182.49445086903955, 8080, 184.9034530129567, 2090
2056, 942.0846509769929, 49344, 941.071081230737, 2629
2056, 942.0846509769929, 49344, 941.071081230737, 2629
2056, 942.0846509769929, 49344, 941.071081230737, 2629
143, 79.74199082571543, 3428, 79.05671955759387, 1889
216, 99.07824014068665, 5184, 99.90694394275427, 1848
233, 106.70633253459586, 5592, 105.26391466861322, 1947
252, 129.3868144919039, 6044, 129.13607341665227, 1307
1146, 521.8279087571326, 27504, 520.6694741702614, 1501
1045, 518.9573088333269, 25068, 520.4878008403425, 3362
209, 123.92610930301363, 5008, 124.12130029375305, 1596
1071, 491.1710179301126, 25704, 491.5051425001898, 4004
192, 88.38408750138882, 4608, 88.5143438003823, 923
64, 43.3889000879816, 1532, 44.766090490083904, 654
443, 203.74718950499553, 10632, 205.0491701889211, 1545
708, 326.0249826579283, 16992, 324.0171562198761, 1920
3, 1.3100025080688513, 72, 1.084180712971329, 423
2872, 1278.954990512549, 68928, 1283.674858014014, 2766
1, 0.43664816612166574, 24, 0.6455287221424311, 209
1, 0.4427747535348368, 24, 0.5759995794976133, 71
172, 76.26816049670798, 4128, 78.50790208475047, 769
2655, 1177.5612156583147, 63720, 1179.4366045972927, 3045
2655, 1177.5612156583147, 63720, 1179.4366045972927, 3045
194, 87.36682242794704, 4656, 89.46279942815531, 724
880, 392.6656218399969, 21120, 394.29155885562164, 1092
730, 327.29795092966833, 17520, 325.65276071540626, 961
229, 102.92463036644126, 5496, 101.90590338891978, 669
90, 41.44004077306743, 2160, 42.001482017741594, 191
272, 121.70656462096784, 6528, 121.3829498007755, 532
90, 40.33617002140221, 2160, 42.092063967230956, 480
29, 13.006694961236173, 696, 13.715234171826271, 281
177, 79.32227363550935, 4248, 77.23938571157618, 659
252, 112.92656827215792, 6048, 112.52156846926108, 1229
458, 204.6248599457096, 10992, 204.49917315141718, 1017
1403, 629.4546733462495, 33672, 628.2954562973869, 3021
362, 177.94275005237344, 8684, 181.8084595873621, 569
5249, 2373.124126946376, 125976, 2375.298618590957, 2879
5249, 2373.124126946376, 125976, 2375.298618590957, 2879
4003, 1799.648193334942, 96072, 1803.2022861479022, 2193
3045, 1367.5725645424807, 73080, 1373.6816104223635, 1592
3969, 1785.163387219343, 95256, 1787.5340354614004, 3676
85, 38.711065138125534, 2040, 39.529689800322636, 630
129, 58.763461361479564, 3096, 56.41958696867308, 1741
116, 52.883993702304274, 2784, 52.373050258373794, 520
13, 6.011081126433953, 312, 5.792346453213455, 110
799, 369.2540578628081, 19176, 368.3151921756575, 1511
2, 0.9093832146265612, 48, 0.9809752703131412, 30
2852, 1319.787834671612, 68448, 1320.6285964094375, 4807
2852, 1319.787834671612, 68448, 1320.6285964094375, 4807
388, 178.4954917252402, 9312, 179.35963081017533, 791
665, 306.50648142569105, 15960, 308.7803808037032, 1795
80, 36.94431685599679, 1920, 38.25733537656932, 580
154, 70.94515887256449, 3696, 71.20814091291334, 679
415, 190.69636292577437, 9960, 190.14572225724862, 4357
146, 66.97937319329809, 3504, 68.25789102952123, 2929
341, 156.52152022302928, 8184, 155.17129887283096, 1117
120, 54.62989856677674, 2880, 55.53297674558022, 427
334, 151.87265656735045, 8016, 151.23773441083227, 612
334, 151.87265656735045, 8016, 151.23773441083227, 612
562, 262.4968074622787, 13488, 263.3675038874208, 2425
340, 159.23054176794062, 8160, 160.1289329656184, 644
296, 137.86522048766713, 7104, 136.37889417557417, 1100
193, 102.16559932357404, 4628, 102.88563451636762, 304
85, 39.88019258987788, 2040, 41.04379883507703, 174
282, 146.8007424312612, 6764, 147.1372433028969, 664
488, 229.7643688676398, 11712, 232.61621979028786, 803
853, 430.88094856412715, 20464, 428.87223827113047, 1731
1010, 478.14865743670225, 24240, 479.90651977934294, 811
71, 32.408062872020615, 1704, 34.09054190934522, 324
622, 283.85405179119135, 14928, 286.6772407665256, 2025
849, 385.385767191651, 20376, 386.32031709959654, 1198
1267, 581.7871361298392, 30408, 583.9924680684837, 1630
1, 0.4598078835788849, 24, 0.5767663278107237, 63
1731, 793.0982852810678, 41544, 791.5756799714711, 2473
1731, 793.0982852810678, 41544, 791.5756799714711, 2473
962, 495.20043625844636, 23072, 494.63183285094766, 1223
489, 250.51748080042103, 11728, 252.97353202777228, 997
190, 100.81044768981205, 4556, 101.32223109321838, 339
303, 165.60239122856262, 7264, 166.63386147796484, 687
28, 13.082162099344318, 672, 12.66159799443634, 155
111, 66.36256728798368, 2660, 65.15921048006616, 683
111, 64.30996672751523, 2660, 65.46403714266552, 317
564, 284.58370922888815, 13528, 283.81980312469517, 1026
1585, 734.3865165976952, 38036, 736.9737520475195, 1972
396, 209.01767108903192, 9496, 208.48077092129492, 1705
1366, 632.5655448127526, 32780, 636.5274104137777, 1505
1366, 632.5655448127526, 32780, 636.5274104137777, 1505
1, 0.46508537163188945, 24, 0.09389158131711935, 62
70, 32.547245769657536, 1680, 33.60633367672361, 688
136, 63.197716683622716, 3264, 61.87959465690919, 1721
136, 63.197716683622716, 3264, 61.87959465690919, 1721
149, 82.0257088445547, 3572, 81.27104191071385, 491
148, 68.16132085658369, 3552, 67.48919466028894, 495
317, 145.45567534698887, 7608, 147.62402604109195, 2768
150, 68.94434718380478, 3600, 69.53151212978473, 2052
228, 106.35356126363773, 5472, 107.94369165268913, 1158
60, 27.978011040609363, 1440, 28.152905232831277, 374
1725, 801.7201162494603, 41400, 804.7613722775073, 2499
177, 82.99419075900995, 4248, 82.65113272380047, 561
286, 133.63394774105907, 6864, 135.39682177423293, 806
216, 100.97990955699909, 5184, 102.57932124640236, 457
2642, 1243.2871230595479, 63404, 1244.3674939650577, 4641
396, 199.12644467076888, 9500, 201.46518321943634, 1690
2112, 1033.105070749376, 50676, 1033.751730748815, 3614
2112, 1033.105070749376, 50676, 1033.751730748815, 3614
1008, 518.0933306234716, 24180, 519.2183386304481, 3815
990, 525.2789733249219, 23744, 527.6390786578419, 1365
417, 224.73177106617894, 10000, 225.59869609206368, 1225
156, 73.71186150392953, 3744, 73.33789974531999, 673
180, 98.73276991002557, 4316, 96.50900538238895, 928
261, 151.7750461960192, 6256, 152.03868727490345, 1044
158, 74.8693552901436, 3792, 72.77411447762951, 412
1246, 590.5597105040551, 29904, 595.2277900731611, 2866
156, 73.94161558019549, 3744, 74.4772551046847, 413
320, 152.12228950875073, 7680, 153.77092574906266, 796
51, 24.16116074418964, 1224, 24.180951915797376, 283
841, 398.63815769501826, 20184, 399.7483508266118, 1850
154, 87.35280656691474, 3692, 85.48789228474573, 131
1782, 843.1934873969286, 42768, 843.7858240255938, 2245
1782, 843.1934873969286, 42768, 843.7858240255938, 2245
534, 252.89408035524923, 12816, 254.6683165599195, 908
368, 172.84434359762804, 8832, 173.63151180043107, 318
3295, 1561.2956836978897, 79080, 1563.1066989334606, 3375
3295, 1561.2956836978897, 79080, 1563.1066989334606, 3375
2169, 1020.4708634461424, 52056, 1022.7320407408744, 3918
2667, 1264.4834947010813, 64008, 1269.8963173129773, 4292
1350, 637.1239050635056, 32400, 637.8604138849025, 1759
249, 115.56094104504956, 5976, 116.71507507456252, 803
3309, 1534.1327043145523, 79416, 1539.4865665020654, 3573
3309, 1534.1327043145523, 79416, 1539.4865665020654, 3573
1954, 913.5467260217744, 46896, 911.0437507071875, 4093
1956, 939.841572404013, 46936, 941.6900189976303, 2167
1104, 511.31037853550094, 26496, 511.4614132612864, 2238
1885, 870.0426284756114, 45240, 872.54793987535, 2537
1951, 899.7309254405611, 46824, 905.621911888818, 2723
1758, 845.6023671356569, 42180, 846.949445908494, 2030
807, 369.77299229302986, 19368, 372.11661162640144, 1260
712, 326.4131020160638, 17088, 327.91042136194585, 959
702, 335.3177766720753, 16844, 338.99197167960676, 1316
702, 335.3177766720753, 16844, 338.99197167960676, 1316
2480, 1125.2388868367116, 59520, 1124.894818559968, 2721
1222, 569.5894575607313, 29324, 569.3979382926193, 1578
854, 393.28576199550315, 20496, 397.5071158248981, 1597
92, 42.539170300177105, 2208, 42.95264260657172, 545
239, 110.22443903929232, 5736, 111.51139740437262, 390
239, 110.22443903929232, 5736, 111.51139740437262, 390
706, 324.8291066208701, 16944, 323.5469606863306, 1543
239, 110.22443903929232, 5736, 111.51139740437262, 390
2980, 1373.157737380477, 71520, 1376.601447975126, 2799
1374, 658.2237293504724, 32968, 660.3975671280813, 1413
3723, 1764.208500274059, 89336, 1770.5418054492045, 2712
3654, 1713.320431622088, 87684, 1720.5733543499407, 2904
1301, 606.5541488842632, 31220, 605.2610655937764, 2158
877, 403.9152311928961, 21048, 404.45414045769047, 617
3414, 1589.7585819979492, 81924, 1598.2170969830827, 2073
3414, 1589.7585819979492, 81924, 1598.2170969830827, 2073
4864, 2241.6489158042687, 116724, 2245.2496728078577, 2342
90, 42.07393775817294, 2160, 42.6461931585951, 657
169, 78.86860176434612, 4056, 78.44679228779742, 830
91, 42.58540320007023, 2184, 42.80037609460103, 945
137, 63.94529321325875, 3288, 64.50824417073022, 419
198, 92.73225595307544, 4752, 92.8206245964563, 1169
281, 131.11726574809205, 6744, 130.07061831992016, 1462
108, 50.49455701747783, 2592, 49.89837717575327, 602
191, 89.41160952103942, 4584, 89.25108365564293, 963
66, 30.88546614747337, 1584, 31.239993907462416, 301
271, 126.88682652371322, 6504, 127.14058256635029, 696
528, 261.06731364414276, 12668, 259.8760419615401, 2570
24, 11.534906094583064, 576, 11.701872650520457, 164
272, 131.11517711420043, 6528, 131.1558610729732, 2896
1459, 703.4153665006752, 35016, 707.8819991404738, 3119
1459, 703.4153665006752, 35016, 707.8819991404738, 3119
1514, 729.579944629478, 36336, 725.067161881966, 2548
547, 264.54222872880314, 13128, 265.00708464565895, 1904
210, 98.25107663367956, 5040, 99.53917473220298, 475
524, 245.62218940585015, 12576, 247.28966396278065, 1114
48, 36.930743803019205, 1148, 37.29360138162197, 334
193, 90.1210044718716, 4632, 90.97157845049631, 1443
617, 303.7271391144967, 14804, 304.68721397097727, 2933
90, 42.018153728097516, 2160, 42.89500400289847, 556
89, 41.55083402320533, 2136, 41.53331125111828, 547
53, 24.75840306856459, 1272, 25.113293837796935, 790
129, 60.287636979459165, 3096, 59.271135216905115, 1394
50, 23.939241454255523, 1200, 22.410671061324827, 136
3565, 1704.8696645112827, 85560, 1707.23080179177, 4364
3565, 1704.8696645112827, 85560, 1707.23080179177, 4364
2509, 1217.6253744864675, 60212, 1221.3850404807363, 5206
2509, 1217.6253744864675, 60212, 1221.3850404807363, 5206
71, 33.13243537016228, 1704, 32.582082787468956, 355
193, 104.79164651953317, 4628, 104.23798557804366, 3587
216, 100.70243839535696, 5184, 102.5986586752673, 1323
168, 78.6231422549315, 4032, 80.59014441389498, 1428
78, 36.54149083944341, 1872, 37.354597494820595, 800
68, 31.795245930095817, 1632, 32.90852812039999, 566
129, 74.84919772876538, 3092, 74.2106098617339, 1705
129, 74.96545640984041, 3092, 74.56859165377791, 1139
110, 51.08349402885469, 2640, 50.45249046100021, 403
196, 91.11409113641551, 4704, 90.18914279169317, 1149
303, 140.60880718502375, 7272, 139.7787421123998, 1929
77, 50.09892803659229, 1844, 51.60287470267915, 1142
97, 59.321519113376475, 2324, 59.12580162769863, 675
110, 51.05700410614356, 2640, 51.44615193697933, 1339
110, 51.1457901956223, 2640, 49.92820430626646, 923
110, 51.1457901956223, 2640, 49.92820430626646, 923
141, 65.59302942602318, 3384, 65.48810715638652, 466
179, 83.34053321933952, 4296, 84.15332745222383, 1189
127, 59.01670829161159, 3048, 60.43279361904481, 1441
167, 92.15909570991656, 4004, 91.14178530388672, 1322
259, 120.68414288814942, 6216, 119.45830409193404, 2128
151, 84.36608202644996, 3620, 85.13544157617166, 1327
899, 415.86019421915313, 21576, 416.5584214215968, 3965
224, 103.93455979580087, 5376, 104.72767838066723, 1843
79, 36.63916331862643, 1896, 35.879598237047, 903
47, 21.845359171167942, 1128, 21.430155934088894, 240
123, 57.10345412867885, 2952, 55.47867744561285, 1488
586, 271.25298814478333, 14064, 271.47205045786353, 4572
823, 379.33399265079214, 19752, 380.0107535331721, 1478
259, 119.37949969309282, 6216, 119.22190421783377, 1244
1285, 593.4098860205256, 30840, 598.2618504371536, 5054
285, 131.99140789409833, 6840, 131.8251705810342, 755
682, 315.8055033267661, 16368, 318.10850145600233, 2646
78, 36.295339602101166, 1872, 36.26112327596458, 200
233, 108.25636977152158, 5592, 108.483239535276, 699
183, 85.22994551768195, 4392, 87.71374327657821, 774
445, 206.667842489489, 10680, 205.7525168879807, 1334
1074, 496.2139578496921, 25776, 499.7037732506036, 2057
158, 73.48432300450843, 3792, 73.36077555590967, 864
1217, 565.0291840721218, 29208, 566.831834947085, 1872
12, 5.594719841681907, 288, 5.112707490666169, 231
449, 209.410922178317, 10776, 205.22347028705545, 1591
449, 209.410922178317, 10776, 205.22347028705545, 1591
306, 142.61094973690922, 7344, 143.90551088855253, 2034
656, 301.68861975914274, 15744, 302.8253174138949, 2117
398, 183.47473289071067, 9552, 184.54365190987915, 1010
1045, 479.74247649322666, 25080, 479.10590554991035, 3101
28, 13.37150117546282, 672, 13.396070520085733, 229
96, 58.11985340884262, 2300, 58.97209063161968, 470
193, 88.56351903292015, 4632, 89.61945719695147, 471
587, 270.5845583964173, 14088, 272.2285306692212, 2244
862, 396.32590484168753, 20688, 397.61496581648606, 2684
232, 106.61768779119815, 5568, 109.32122870519503, 846
2004, 970.530224597051, 48080, 974.6179689610452, 1345
182, 111.74904190831339, 4360, 111.44873964306937, 354
328, 149.19518985104764, 7872, 149.60937865977743, 603
172, 78.6854480476356, 4128, 78.71171004127027, 661
307, 141.30169818850683, 7368, 140.9913131937252, 683
1344, 615.8702991526459, 32256, 615.0970563459224, 1735
1041, 478.589465608549, 24984, 480.13154689018717, 1884
233, 120.54153677378336, 5588, 119.56207377828136, 1265
1588, 724.8625093094125, 38112, 729.2421702817916, 3010
46, 21.02070863609526, 1104, 21.619794420378714, 536
78, 49.95741663148807, 1868, 49.36437255919565, 693
126, 57.7875493068551, 3024, 59.81812483100759, 526
555, 253.86053781452432, 13320, 254.03183648485617, 2213
617, 279.2154608589207, 14808, 283.3203118831175, 1365
617, 279.2154608589207, 14808, 283.3203118831175, 1365
2648, 1199.4294766255139, 63552, 1197.1798679575504, 3505
448, 232.74253405926837, 10744, 234.93450653662694, 651
2179, 1049.0100684316744, 52280, 1047.0808025592205, 3005
2615, 1194.67479405602, 62756, 1198.4072234151638, 2300
3243, 1464.6552730049411, 77832, 1466.8402679226747, 1576
2306, 1046.7509950786218, 55344, 1047.8901110746338, 2822
722, 354.07635320519375, 17324, 356.24930897692985, 1071
251, 117.9568343444372, 6024, 117.41192013308728, 1364
486, 229.1268907255409, 11664, 230.25321566502313, 1435
36, 16.929147894217564, 864, 16.497240881331905, 615
210, 98.57796692147294, 5040, 98.4571652521991, 1723
92, 43.24535207529779, 2208, 44.5700116232217, 1621
161, 75.78451644572458, 3864, 75.97373392922881, 1695
108, 50.734989781781266, 2592, 51.85527651459434, 1788
250, 117.6603779951675, 6000, 117.08680613424441, 2640
226, 105.99115624056776, 5424, 105.83937251382872, 1230
294, 152.7510313963781, 7052, 151.7638295591468, 4208
192, 104.64115391876142, 4604, 106.93804096884662, 2171
51, 38.59280846597196, 1220, 38.76873122753467, 743
894, 464.7195795086645, 21444, 463.7081298803559, 3724
220, 117.59469069806462, 5276, 118.13350683558961, 4152
81, 38.01568718342067, 1944, 37.8355333524137, 930
284, 147.9246489221566, 6812, 148.47905966147187, 3105
370, 202.7705079804909, 8872, 203.59105936995945, 4262
305, 158.61363616861323, 7316, 160.69591562055567, 3661
458, 216.96493309637006, 10992, 219.3750886764671, 1411
5, 2.3653171883393367, 120, 1.8932843432772892, 61
3, 1.4232141306088912, 72, 0.9683533984947575, 61
25, 11.832394075822723, 600, 10.020921552726614, 305
27, 12.79898481369951, 648, 12.141364931635557, 358
145, 68.31985345780605, 3480, 67.75947057545189, 1411
304, 172.69843129050471, 7288, 174.04478812323657, 1138
1345, 634.9158151676658, 32280, 635.791667468743, 2166
715, 365.4279006282901, 17152, 363.33170283020235, 1181
619, 319.7455154649152, 14848, 322.1771840452967, 2588
228, 107.77376666879402, 5472, 107.93067583300581, 937
68, 32.11322143900065, 1632, 32.948230581407344, 534
574, 271.4375750218071, 13776, 271.3915145222466, 2192
414, 196.39008856685547, 9936, 194.9283706512357, 664
1109, 527.1376200359564, 26616, 528.7495092301496, 2423
512, 242.47541514563335, 12288, 241.74584560842496, 2382
281, 132.87323814583988, 6744, 130.7297819637663, 1541
534, 295.8126661238833, 12804, 298.89789457339555, 4257
210, 99.00400387570696, 5040, 97.49647703053817, 1009
585, 277.0011050221945, 14040, 275.2575724243887, 1314
340, 189.34198646324444, 8152, 190.37312132558782, 3769
427, 216.48686056989993, 10244, 220.16004490632898, 1261
1709, 811.5751603830614, 41016, 814.1094833468541, 3783
104, 50.03595844067922, 2496, 49.409432756432295, 524
37, 17.615039290210778, 888, 18.099450689756797, 427
207, 99.34317574975375, 4968, 98.00281205295927, 439
1339, 644.362890434627, 32136, 648.1324662935248, 1691
10, 4.77387511294319, 240, 5.425471767768413, 141
1149, 549.1977871661952, 27576, 548.2750763107044, 1660
67, 31.880510311542647, 1608, 32.14773721311818, 660
1, 0.4760226003857965, 24, 0.6560634184387136, 60
122, 57.81310738409488, 2928, 59.68253632482243, 675
1509, 720.2094805162179, 36216, 719.9495667593357, 3040
1122, 532.1780242148856, 26928, 530.4730185680755, 2092
508, 241.13389913850625, 12192, 241.15567850682854, 1229
32, 15.258435539144168, 768, 15.44878772650234, 153
888, 422.7980938869415, 21312, 423.542313299233, 1244
241, 114.99144239933052, 5784, 115.51167112554661, 535
253, 120.84376951875396, 6072, 121.23774230635624, 855
94, 45.00228522686861, 2256, 45.103492189209334, 512
294, 140.91225716654483, 7056, 139.80587196599643, 687
396, 188.25778431550668, 9504, 189.98330245675353, 463
1267, 603.8943413922407, 30408, 605.314532765089, 1560
1280, 613.0577055111839, 30720, 617.3726308623234, 2210
213, 114.88671597449286, 5108, 114.53238938840092, 1490
987, 479.27804893728313, 23684, 480.55852653310956, 2650
116, 54.59790724156085, 2784, 54.48330624769752, 623
2279, 1068.3924455218928, 54696, 1072.5415298519715, 2769
875, 424.71850326910976, 20996, 427.77109576634024, 3337
686, 367.6141196193415, 16452, 369.746736650059, 2131
906, 428.49526889801064, 21744, 430.63969514038376, 1842
217, 115.59164920585869, 5204, 116.68687102402825, 2113
41, 19.10752229911676, 984, 19.283324150785674, 571
52, 24.241569171719814, 1248, 23.9350320595478, 721
148, 83.5262260490658, 3548, 84.32941680170572, 1720
43, 20.06907981923222, 1032, 20.052299693201565, 356
118, 54.94510757610374, 2832, 53.844075672512474, 1370
152, 70.72211265665638, 3648, 72.29895528567316, 1697
769, 388.84276433349055, 18448, 389.3856824469929, 4731
410, 190.95974428733567, 9840, 193.27694368419705, 2243
363, 168.7576446499886, 8712, 166.8630440220446, 1401
199, 107.35680769333933, 4772, 106.66087689109003, 1708
611, 285.39018711562863, 14664, 284.5843226910187, 2989
487, 225.40576635388663, 11688, 226.09487654962257, 2221
266, 123.29525130363372, 6384, 123.9455332676126, 999
502, 231.84015423399936, 12048, 234.17134254952552, 1693
1056, 488.01205537328775, 25344, 487.45214902826865, 2573
748, 345.1710467570868, 17952, 344.8640102946543, 2429
692, 321.17297406522067, 16608, 323.58581099038287, 2462
1845, 855.4922199947397, 44280, 856.8775364269965, 5023
498, 231.24180195174404, 11952, 231.5958760896674, 1864
177, 96.77477738341132, 4244, 99.2887659046807, 1509
1330, 620.2178520534657, 31920, 618.4892065311252, 2868
1692, 789.7228476910944, 40608, 789.920982328167, 5523
127, 75.53117284033203, 3044, 74.58285559504883, 479
117, 55.96688304246554, 2808, 56.590577034992585, 514
166, 79.5112062730464, 3984, 79.5644254066468, 538
699, 333.4013721738227, 16776, 334.28569844151235, 874
699, 333.4013721738227, 16776, 334.28569844151235, 874
106, 50.82777725074643, 2544, 53.16157811360208, 481
174, 83.46473720039639, 4176, 83.44999276714589, 506
33, 15.838335449327042, 792, 14.77448048105314, 275
289, 138.2026714991686, 6936, 138.2570138439499, 844
795, 379.8330035734353, 19080, 379.7423139269478, 1960
33, 15.852189842424895, 792, 14.827387524682923, 196
148, 70.9315371600602, 3552, 71.80093329929973, 405
2232, 1063.0811816928408, 53568, 1066.1999377240618, 2644
17, 8.097506463253909, 408, 7.874552940074934, 73
54, 25.99458475048502, 1296, 24.81738436977024, 452
531, 269.50455172725975, 12740, 266.6710704868798, 4890
115, 55.161555458408934, 2760, 57.052826244630374, 1950
124, 59.86221947193454, 2976, 60.17415688884428, 1702
1233, 591.9498546485516, 29592, 594.6607455847814, 6464
301, 160.46805821930423, 7220, 158.31344828002568, 1808
391, 188.5439756444114, 9384, 189.80568382037976, 3378
218, 119.73525907220383, 5228, 120.68955882979573, 1087
722, 362.67790728374104, 17324, 363.01009441048825, 2219
69, 48.20702144772514, 1652, 47.69445806256984, 199
20, 9.640738705210602, 480, 9.353688276343869, 49
608, 292.43159829186754, 14592, 293.1616961812934, 1287
6, 2.901063940139342, 144, 2.576840282039886, 181
590, 314.88448823643455, 14152, 317.65287327553534, 1237
989, 522.6708556415895, 23724, 528.559817204361, 2887
600, 303.32218662296805, 14396, 305.7611189921078, 1015
146, 69.8948449477097, 3504, 70.17506003324445, 265
427, 204.38844988411097, 10248, 201.95263966526235, 1036
1135, 543.1857022507756, 27240, 544.5931317879853, 1525
378, 181.4056841780446, 9072, 182.07533114632713, 929
1227, 584.5428726454431, 29448, 589.0294419149841, 2324
1227, 584.5428726454431, 29448, 589.0294419149841, 2324
42, 20.02037114329121, 1008, 19.54306938705576, 133
32, 15.215527882019561, 768, 16.360838559801657, 202
26, 12.375761055643625, 624, 13.355929537695395, 73
26, 12.43230832762647, 624, 12.11651524928061, 174
182, 87.09093324658089, 4368, 87.79153075777018, 603
198, 108.99621822301039, 4748, 108.46004827059555, 501
157, 74.53934813131956, 3768, 72.35050556823208, 335
32, 15.331500412548946, 768, 15.918318073915607, 135
53, 25.339213624464136, 1272, 23.981529913028215, 621
68, 32.52156157448429, 1632, 32.95455223125876, 336
78, 37.33562948427549, 1872, 37.46258157001934, 355
15, 7.183111437671947, 360, 6.783999889239814, 85
344, 167.60046323992782, 8256, 167.28857903535229, 960
57, 27.819884339476555, 1368, 27.191230370183497, 465
204, 99.21648043675594, 4896, 100.0189051432438, 862
219, 106.7256665684399, 5256, 107.62244603849524, 1006
254, 123.7717794685546, 6096, 123.74978389507785, 915
931, 453.48323339041457, 22344, 457.086793904421, 2154
37, 18.04633946269086, 888, 17.789420350636462, 215
508, 246.82066555363366, 12192, 249.4097382230943, 1469
26, 12.650954958192452, 624, 12.016055368366729, 144
12, 5.852533285285219, 288, 6.020648269288032, 88
75, 36.52507931077214, 1800, 36.21081489457038, 229
1800, 872.15614392979, 43200, 870.9826023382648, 3389
117, 71.72427971877903, 2804, 75.33283184156635, 794
70, 33.88927828430926, 1680, 33.61303309976653, 244
618, 315.5203526306755, 14828, 315.441719758564, 1785
302, 146.5761716847837, 7248, 145.21653983649134, 1129
885, 489.3250299433306, 21224, 491.6797613816941, 2501
16, 7.785223894002928, 384, 8.380819471704715, 156
68, 33.116031107562335, 1632, 34.00253853186013, 615
1198, 584.163715322547, 28752, 587.9426060202231, 1868
259, 155.75581160405233, 6208, 155.7552770166113, 1020
3, 1.46351229446381, 72, 1.4723379485689343, 28
228, 110.59755529080942, 5472, 109.42719431584723, 899
159, 77.08482250398677, 3816, 77.42960314323965, 678
525, 254.8507851122216, 12600, 254.26980480403887, 1257
9, 4.362592501847565, 216, 4.0987535690364005, 72
214, 103.35817963591397, 5136, 102.81592897629196, 887
526, 254.64835429555828, 12624, 258.6204969216907, 907
8, 3.879878033488005, 192, 5.201472473181186, 133
381, 185.4624023411632, 9144, 184.6423372103295, 628
330, 174.7449453503214, 7916, 175.54636373120073, 676
1, 0.48646462809023694, 24, 0.8479218217949904, 21
2, 0.9732546938497059, 48, 0.8968232779972032, 26
878, 441.94796104869357, 21068, 444.6509705999483, 1749
878, 441.94796104869357, 21068, 444.6509705999483, 1749
697, 336.41447923185285, 16728, 333.23978841844655, 769
695, 367.1813144185248, 16672, 367.5074604077408, 1268
775, 404.87001904330236, 18592, 405.1073914295518, 1929
214, 134.22618317591588, 5128, 136.68716689784247, 631
703, 354.4715779156155, 16868, 356.02673464395315, 1918
25, 12.116257536572874, 600, 13.748509933838756, 171
177, 100.76943704748848, 4244, 99.27664689931017, 621
114, 55.19776276455309, 2736, 55.72617044917068, 253
96, 46.5399901675013, 2304, 45.47138892165266, 393
62, 30.08424688550731, 1488, 29.986847838709014, 400
1, 0.4943366758721578, 24, 0.30960928462050286, 64
1777, 878.2841233191, 42648, 880.387245092104, 5141
349, 188.53873020824298, 8372, 189.69769339928462, 2574
489, 273.83536374909215, 11728, 275.6316280883611, 2289
26, 12.881665571773297, 624, 13.85013078001708, 946
1129, 592.1037172738045, 27088, 591.9751823390787, 5717
1658, 837.5620172107302, 39788, 843.9704877493801, 8388
115, 57.27748517344126, 2760, 56.405191118817854, 810
59, 29.428794608582606, 1416, 28.73341490496045, 515
56, 43.441814000216034, 1340, 45.06871523530355, 600
339, 163.78367824297825, 8136, 166.39553732452902, 438
426, 207.26289395079772, 10224, 208.08995313021623, 1504
1, 0.4934786835452927, 24, 0.3027975934004864, 56
338, 182.08636413303068, 8108, 181.03435702014727, 2205
39, 18.978574217572277, 936, 19.374396810125337, 339
448, 247.7686474712641, 10744, 250.16532240661073, 2771
448, 247.7686474712641, 10744, 250.16532240661073, 2771
116, 56.48710213330783, 2784, 55.81520145791176, 877
237, 117.22735896518904, 5688, 117.55880620378831, 1959
36, 17.815724758820185, 864, 17.280464398955125, 509
590, 292.37328033862457, 14160, 288.0215936022208, 3685
28, 13.618947980480257, 672, 13.600110801838413, 227
147, 71.30822756651148, 3528, 70.06308666233114, 719
11, 5.342480557884459, 264, 5.694684435822697, 136
1, 0.4931029466392403, 24, 0.19472030567111784, 90
17, 8.382427828679823, 408, 8.646339210657805, 622
31, 15.07297001062063, 744, 14.546086848594083, 391
236, 115.00373010417177, 5664, 111.96805981548538, 1564
236, 115.00373010417177, 5664, 111.96805981548538, 1564
107, 52.23520491408929, 2568, 53.74670384587752, 1477
100, 48.8199806756862, 2400, 49.47746168000256, 1405
660, 321.04769673508105, 15840, 324.99565424195686, 4105
60, 29.23894379042825, 1440, 28.68366454165311, 548
19, 9.288203513793512, 456, 8.848892990362904, 509
76, 37.10760682296244, 1824, 36.12737526055597, 1009
29, 14.068431219777798, 696, 14.186226340044048, 484
69, 33.53735316319323, 1656, 33.62344184938551, 505
755, 396.0056278532139, 18112, 397.2195896260543, 4014
163, 93.94404595459106, 3908, 94.45810260474762, 1085
156, 75.47716937325593, 3744, 74.09296692915778, 1136
156, 75.47716937325593, 3744, 74.09296692915778, 1136
688, 336.2024903145511, 16512, 334.0874538251058, 2546
95, 46.71572541132655, 2280, 47.43894446451543, 393
94, 46.20528736335325, 2256, 47.97594736929344, 1029
82, 40.2873303016316, 1968, 40.166649217317094, 746
131, 64.4812330223524, 3144, 64.15860985723556, 850
18, 8.857421602836782, 432, 7.531626612695345, 252
7, 3.4484441677338933, 168, 3.3351510714235393, 66
131, 64.55609567750243, 3144, 65.04043100484542, 882
60, 29.478961686467585, 1440, 27.657727069493795, 651
33, 16.22412547848548, 792, 16.917711314797312, 530
2, 0.9987608027698792, 48, 1.340228557055291, 164
95, 47.35322900692533, 2280, 48.45521740921484, 625
426, 228.27368522436436, 10220, 227.84057412738375, 2547
426, 228.27368522436436, 10220, 227.84057412738375, 2547
42, 20.624762124478583, 1008, 20.67900488187982, 501
1845, 921.0186258495597, 44280, 921.050493243751, 6099
32, 15.708027294329288, 768, 14.550054363513663, 313
256, 126.13851001650151, 6144, 128.19009857828078, 1641
131, 64.64951437196585, 3144, 65.62743173676942, 977
136, 67.17950181544222, 3264, 66.8411182797026, 686
96, 47.33208127449949, 2304, 46.84571688344801, 954
273, 134.55208117023562, 6552, 136.94932788790055, 1658
515, 253.0973345765846, 12360, 252.07583632265874, 2054
261, 128.18277992723256, 6264, 127.90607533272231, 2320
763, 373.6247089259482, 18312, 373.9462430770264, 4979
43, 21.111726907643593, 1032, 21.191656917956426, 700
149, 73.02228714342296, 3576, 73.2911884935644, 1077
210, 103.01107387972817, 5040, 105.80232904481544, 1283
681, 385.27404359325794, 16332, 386.36252965881835, 1804
185, 92.69481132286667, 4440, 92.08348947891353, 1063
354, 177.641804809132, 8496, 179.25581743851225, 1271
354, 177.641804809132, 8496, 179.25581743851225, 1271
1, 0.5002568607299104, 24, 0.48258793561277713, 15
70, 35.03867503380844, 1680, 37.06198987626479, 582
366, 183.99337041877325, 8784, 182.27163719271837, 1334
1044, 524.1392091365236, 25056, 525.3096516744388, 2729
1172, 589.0040091245115, 28128, 591.4083265283996, 5742
20, 9.797680769281499, 480, 9.184218067022693, 415
179, 87.80558675886913, 4296, 85.83742325832867, 1323
266, 130.2238286472542, 6384, 130.30884217879716, 2287
189, 108.7288576014639, 4532, 108.78675170699952, 1423
189, 108.7288576014639, 4532, 108.78675170699952, 1423
189, 108.7288576014639, 4532, 108.78675170699952, 1423
2, 0.988566170819124, 48, 0.5668467050438664, 43
1325, 686.6959303783221, 31792, 690.2358116185942, 5742
155, 76.56261215312817, 3720, 77.81937820436283, 1532
155, 76.56261215312817, 3720, 77.81937820436283, 1532
12, 5.9319864745649316, 288, 5.32313324159709, 198
463, 228.03670423933934, 11112, 225.60746558887672, 4674
463, 228.03670423933934, 11112, 225.60746558887672, 4674
39, 19.200605858361442, 936, 22.434725642553317, 763
20, 9.83792800640645, 480, 9.466473212795721, 628
21, 10.335603348647656, 504, 11.318606213093886, 277
24, 11.831195012669102, 576, 13.126018844258596, 474
68, 33.45490389111362, 1632, 33.202429531295515, 1339
35, 17.254091936980238, 840, 18.03980555066881, 1221
528, 260.4310893443472, 12672, 258.45671365887, 4165
582, 287.21989489200877, 13968, 286.61334532919363, 3192
2205, 1081.7412076690343, 52920, 1086.7787283269395, 7734
911, 447.6117308035806, 21864, 445.5747938610735, 3985
597, 293.2434260746301, 14328, 297.1616742108517, 3145
238, 117.15641522208088, 5712, 117.78615164565895, 1440
205, 100.05448779475263, 4920, 100.21670199395754, 1612
55, 26.875131524839254, 1320, 27.225180728629066, 987
17, 8.292117452066202, 408, 8.771705964764996, 421
42, 20.463934055951157, 1008, 21.226097973045245, 750
70, 34.19312937544682, 1680, 33.575243286935795, 1245
16, 7.817337372233232, 384, 8.486711053151355, 377
817, 399.7496694845248, 19608, 402.3601349630918, 2645
713, 349.0981297492672, 17112, 350.4960023206889, 4923
2435, 1187.81083378276, 58440, 1186.645868633918, 9927
1317, 641.494849208064, 31608, 641.4247585251309, 6366
1272, 631.3536149482876, 30524, 632.3140198956744, 3448
263, 128.1388284759638, 6312, 126.91079038813204, 1424
784, 426.1588267526204, 18804, 429.17152555164273, 3774
39, 19.006597570804633, 936, 17.899164482234646, 351
623, 303.25183856121265, 14952, 303.1618137874063, 2798
623, 304.47326184270406, 14952, 305.2527519994046, 2773
203, 99.6264228160501, 4872, 98.99330314273001, 1939
48, 23.526486047780804, 1152, 24.071586907717226, 532
92, 45.21192265406055, 2208, 44.458743401127315, 1849
362, 177.4605361146536, 8688, 180.55461355506355, 2471
1130, 556.0956752348268, 27120, 555.7011851521477, 3933
24, 11.83216165564321, 576, 11.425813301040938, 193
408, 199.8764676606058, 9792, 198.48838023412975, 2331
239, 116.95450106213383, 5736, 118.56513865487966, 558
385, 188.5145585784829, 9240, 189.21727496598098, 1711
463, 227.08467315764523, 11112, 228.22212078041534, 3015
23, 11.216326560260548, 552, 10.97582587060906, 180
1782, 869.4999550763696, 42768, 867.6001911964861, 2923
2247, 1113.2977724846967, 53928, 1112.9130560605997, 3870
315, 155.6805465603401, 7560, 154.03702114581958, 2038
964, 475.2007551753586, 23136, 475.91898079469416, 2377
801, 397.5426279924007, 19224, 402.06983035538536, 1188
69, 34.35929811189275, 1656, 33.51208913897368, 544
626, 312.2526210816072, 15024, 316.09766390460777, 2124
1863, 930.0709394063354, 44712, 929.9406591964042, 6298
1863, 930.0709394063354, 44712, 929.9406591964042, 6298
1863, 930.0709394063354, 44712, 929.9406591964042, 6298
100, 48.85032495004063, 2400, 49.729383360999954, 328
404, 198.26007002963007, 9696, 199.67144164799896, 1226
988, 486.2941244029677, 23712, 487.66580469186835, 4092
635, 309.8440761263407, 15240, 311.3444081361896, 2689
163, 79.5850696255955, 3912, 80.52800224811374, 937
21, 10.233971801345353, 504, 10.896167177412053, 159
15, 7.533265425225871, 360, 7.618605101271776, 302
842, 421.9816635219662, 20208, 420.5447322515871, 5321
842, 421.9816635219662, 20208, 420.5447322515871, 5321
602, 301.6898254624923, 14448, 300.23236388794487, 5408
2, 1.0007260262653437, 48, 0.7455567917181543, 26
176, 88.3630519027878, 4224, 88.35382493173702, 920
42, 21.130681337707994, 1008, 20.072130317531506, 500
8, 4.018059023951265, 192, 4.42731350370959, 87
43, 21.615670359443207, 1032, 20.6076525054238, 481
1667, 834.9879571285443, 40008, 837.5240379217703, 4854
15, 7.546113520123583, 360, 7.423250553062143, 314
2, 0.9962066440462548, 48, 1.2221770228549536, 144
25, 12.57458364781008, 600, 13.382741026436385, 269
5, 2.4896375734095435, 120, 2.8973806843829943, 202
58, 29.192906202656104, 1392, 27.54898354431984, 391
28, 14.080181110806269, 672, 14.382926500221101, 522
27, 13.55929559067198, 648, 13.937051903433666, 374
19, 9.46180555446279, 456, 8.701659045956964, 429
41, 20.413312056019723, 984, 21.65627009650919, 327
9, 4.479866211095748, 216, 3.7946309731406758, 241
10, 4.9853995312146955, 240, 4.376329092915507, 250
102, 51.06546309067415, 2448, 50.982963833116436, 2162
2442, 1229.304338133758, 58608, 1230.18435998764, 15947
136, 68.10756182999965, 3264, 67.80413644410432, 2322
152, 75.59678906880148, 3648, 78.17348716970837, 857
38, 18.90927531470049, 912, 18.42205014108679, 265
98, 48.77970320106934, 2352, 49.109863364206426, 700
517, 274.300024970343, 12404, 273.7938364308567, 3468
907, 485.7455032299039, 21760, 483.13628979427943, 9225
343, 172.05131462019764, 8232, 171.46978391032638, 3383
245, 137.99909458065414, 5876, 139.73255205842116, 2344
423, 226.8344947434427, 10148, 229.9950195184721, 4743
996, 499.4481129244827, 23904, 502.3211990852077, 5605
96, 48.04683705808027, 2304, 48.518127143384724, 1782
1917, 974.7632140849483, 46004, 977.0103818171078, 7616
1917, 974.7632140849483, 46004, 977.0103818171078, 7616
30, 15.024259298776004, 720, 14.778909153096725, 534
1573, 805.5083376306441, 37748, 807.0727779128599, 6457
1124, 575.8807218400908, 26972, 575.494826637841, 7091
42, 21.087375037336706, 1008, 22.636442747797194, 1083
1994, 1031.8686665831638, 47848, 1038.1457744400243, 11001
1221, 613.2259236360429, 29304, 613.9617323158491, 6185
1221, 613.2259236360429, 29304, 613.9617323158491, 6185
2320, 1143.0048395701313, 55680, 1142.3040215747462, 9662
117, 57.794558880030806, 2808, 54.94710317554719, 1497
2344, 1158.399166246877, 56256, 1161.2091928222326, 9130
252, 124.35109509878369, 6048, 125.68441274979388, 3059
1826, 950.5915465082473, 43812, 952.9841151863703, 7349
1403, 696.6209616432857, 33672, 698.1899635722128, 10504
42, 20.904513102690263, 1008, 19.842342829613077, 710
1595, 824.3103600103301, 38272, 827.7128169446065, 6757
293, 145.4432280434282, 7032, 142.11491893807826, 3214
98, 48.08367346328394, 2352, 47.74947329822965, 1085
64, 46.58208290725807, 1532, 47.73197720231269, 1075
766, 376.7937575032453, 18384, 378.0249257526517, 4424
164, 80.5893499723707, 3936, 78.7972073488901, 2105
17, 8.368458338773966, 408, 7.461045344734786, 562
108, 53.221228055900966, 2592, 53.257680271670125, 1144
1185, 581.1621153126525, 28440, 582.7830127714645, 6300
1709, 876.7235534010675, 41008, 880.7588622036037, 9393
371, 214.75047333512126, 8896, 215.9286826393265, 2035
282, 154.80450627317796, 6764, 157.51604363266856, 4183
148, 73.21341370426249, 3552, 74.9709494251341, 2299
131, 80.14611991082037, 3140, 80.5088018697403, 2079
48, 23.680965477588646, 1152, 22.671397588436175, 915
1406, 727.537830937029, 33736, 725.1944488599948, 8966
45, 22.421280133092004, 1080, 22.648163355556953, 338
1794, 904.838960408734, 43056, 901.7477512768027, 11119
2237, 1122.2337942032875, 53688, 1128.6591695655682, 10437
1906, 1028.6614010909007, 45724, 1026.9518393772712, 8128
558, 280.4059454541614, 13392, 279.12248141288416, 3995
666, 335.0801823672329, 15984, 336.04942050232705, 8131
1673, 838.8979609882905, 40152, 840.3520927178007, 10854
127, 63.51939616008351, 3048, 63.905675902767435, 968
137, 84.36076460239354, 3284, 85.61759406878718, 2249
1375, 687.5955203412592, 33000, 692.9580449391246, 7102
153, 91.58369314313596, 3668, 93.4405207963583, 2386
2590, 1291.4834424488697, 62160, 1288.8149648871124, 6166
462, 230.21870885383058, 11088, 229.20199071176532, 3609
237, 133.33849453452174, 5684, 133.59056150242034, 2168
1, 0.4994069796872781, 24, 0.30536396886716305, 24
1555, 778.2367620565699, 37320, 780.9979411767234, 5844
42, 21.09229622187724, 1008, 21.71399487963943, 652
235, 116.45053720116061, 5640, 118.75807183725695, 1552
1646, 814.5343140058128, 39504, 818.9481846288064, 6787
941, 513.3258531138654, 22572, 515.272556033013, 4378
964, 492.77668383635046, 23132, 490.8053036388878, 4404
1030, 508.29434177308667, 24720, 510.6914496336612, 6012
394, 195.67661133912216, 9456, 198.94755481866954, 2486
1299, 640.1716343111021, 31176, 640.0407030401072, 6029
29, 14.456950556622417, 696, 13.401549708659292, 349
1856, 913.6440437081488, 44544, 912.8581208212997, 23474
146, 72.20592882528489, 3504, 72.69209928884717, 1574
138, 99.2007765241176, 3304, 102.58370923709089, 2376
58, 28.716298768101503, 1392, 28.722480928077623, 981
1906, 932.7740690234161, 45744, 936.1025614937023, 7337
2187, 1072.4595565389234, 52488, 1074.4649790582662, 7193
129, 63.34821318727152, 3096, 63.61550274817532, 1971
1698, 836.9463278786383, 40752, 838.5148435208968, 10988
296, 146.09841898360523, 7104, 147.06970132148572, 3076
886, 435.47869410816594, 21264, 438.06194429975574, 6490
1716, 844.1774980343108, 41184, 846.9306154268178, 15999
119, 56.71056723384232, 2856, 57.9774588175184, 1818
2154, 1027.7534662533503, 51696, 1031.7909300942608, 15155
2154, 1027.7534662533503, 51696, 1031.7909300942608, 15155
486, 232.20590782996015, 11664, 231.47383134022394, 4854
1086, 519.5863560677134, 26064, 520.491597777849, 7443
1715, 853.4793416229035, 41152, 855.4199000712839, 11060
1715, 853.4793416229035, 41152, 855.4199000712839, 11060
1715, 853.4793416229035, 41152, 855.4199000712839, 11060
1715, 853.4793416229035, 41152, 855.4199000712839, 11060
1715, 853.4793416229035, 41152, 855.4199000712839, 11060
34, 16.942702437041028, 816, 17.695497702817537, 398
13, 6.255691092883888, 312, 6.259838369164089, 582
1, 0.4801421009458797, 24, 0.10499391568242883, 46
32, 15.384471117557183, 768, 13.948941663408126, 1036
91, 43.80711217162871, 2184, 44.85314922125001, 1238
36, 17.30575147354784, 864, 18.226323708909398, 1356
127, 61.01954232006304, 3048, 61.73378250774441, 2052
71, 34.19751944798837, 1704, 33.85172839755782, 1277
138, 66.17358848905337, 3312, 64.84450298569591, 2025
82, 39.42228255236674, 1968, 39.47759259721177, 1866
82, 39.27299066289298, 1968, 38.72903498179968, 1751
1929, 926.3144859947704, 46296, 931.5296304030608, 13394
1929, 926.3144859947704, 46296, 931.5296304030608, 13394
1929, 926.3144859947704, 46296, 931.5296304030608, 13394
154, 74.17135123467942, 3696, 74.19981922971894, 1803
99, 47.459657267392835, 2376, 46.36157637925009, 1453
54, 25.918307261600695, 1296, 26.39427222517702, 1209
49, 23.46831564377379, 1176, 24.375426422874348, 1265
36, 17.242308907943702, 864, 16.49845659101978, 2032
131, 62.93507264750499, 3144, 60.9958547858919, 3169
114, 54.8101441343681, 2736, 54.52795567165856, 1139
3809, 1829.4596855459301, 91416, 1832.803164859995, 15886
3809, 1829.4596855459301, 91416, 1832.803164859995, 15886
29, 14.442998524221467, 696, 14.351859494340571, 328
1495, 715.0443032373832, 35880, 719.9597915946968, 7437
1271, 605.4175389202662, 30504, 608.2001286035594, 8895
848, 404.1584221422968, 20352, 407.28812649877364, 5534
662, 314.96786984431805, 15888, 313.9447985442357, 4738
149, 86.73277460122021, 3572, 87.62592649447775, 1570
136, 65.6924282676186, 3264, 63.5393633019647, 1832
20, 9.656893050619237, 480, 10.428038224742934, 630
2645, 1275.8930497688477, 63480, 1275.835973078687, 9064
2645, 1275.8930497688477, 63480, 1275.835973078687, 9064
1192, 634.5107711570813, 28592, 634.5167677106432, 4521
2109, 1010.468276397482, 50616, 1012.2112722608285, 13562
2109, 1010.468276397482, 50616, 1012.2112722608285, 13562
2109, 1010.468276397482, 50616, 1012.2112722608285, 13562
119, 57.1556300199837, 2856, 57.35592668783985, 1861
156, 75.0034699502773, 3744, 77.76813846365833, 2587
64, 30.6315636410921, 1536, 31.742108303457815, 960
77, 36.74637646544389, 1848, 36.27155006215, 968
35, 17.443068766426528, 840, 15.929648167448073, 330
1920, 1370.5335380166177, 46076, 1374.5488511473668, 1945
3121, 1540.292435855455, 74884, 1540.3507775813373, 2838
2090, 1006.6464828860877, 50152, 1008.5882389304636, 955
40, 19.925251003936125, 960, 21.975536910702328, 385
40, 19.911132097638337, 960, 20.647310025249922, 328
508, 284.57885484617066, 12184, 284.0126807903009, 2700
508, 284.57885484617066, 12184, 284.0126807903009, 2700
286, 157.91957748648485, 6860, 158.5053302868514, 2765
1143, 599.9688007924389, 27424, 599.8945740311871, 5184
29, 14.461261740846453, 696, 15.244212473175303, 423
1257, 660.3832469065366, 30160, 663.441106625736, 9699
420, 224.71428076874793, 10076, 227.5963588913909, 4346
47, 23.37789169741021, 1128, 22.79710360586979, 651
82, 40.808126681215064, 1968, 40.716667536587664, 898
261, 145.34974148389614, 6260, 145.51455206019764, 3240
697, 378.8629790397642, 16720, 376.1033752366857, 3679
357, 208.1193759745483, 8560, 206.49955539778875, 2908
306, 151.7616604842674, 7344, 148.56767084695994, 2304
160, 79.32840529386048, 3840, 81.21832765381903, 2001
138, 68.36205768223718, 3312, 69.25827421924153, 2076
91, 45.22175313138433, 2184, 44.59927786979752, 1532
136, 67.55279439819712, 3264, 68.74984461201089, 1175
48, 23.812871381573725, 1152, 23.88513004700986, 1029
98, 48.66319073886077, 2352, 49.83100644539546, 1316
1568, 792.559798349806, 37628, 794.9845007713883, 14114
86, 42.61831191521211, 2064, 40.81813808294224, 1428
39, 19.402927143885996, 936, 20.81628859675053, 694
54, 26.695037176581796, 1296, 27.561999065043334, 917
49, 24.349024949145324, 1176, 25.36048956491811, 858
57, 28.300819106944033, 1368, 29.201985915676122, 1172
1346, 680.548194161904, 32300, 682.7301460044553, 6886
25, 12.412073957743056, 600, 11.484516230175503, 476
34, 16.873419328223985, 816, 18.492228347423033, 725
77, 38.26974579653821, 1848, 38.33588563833352, 1142
77, 38.276681325823596, 1848, 38.227708094217725, 469
53, 26.21436258272249, 1272, 26.266038154937522, 662
76, 37.69209112812516, 1824, 38.95506064213048, 1487
2924, 1439.9856497189903, 70176, 1444.3998841704963, 10246
2924, 1439.9856497189903, 70176, 1444.3998841704963, 10246
53, 26.097870904322342, 1272, 24.49982389420385, 980
30, 14.813534146618206, 720, 13.402012493222239, 527
87, 42.676951049183316, 2088, 43.94687197292075, 1510
1044, 512.3398177768961, 25056, 513.8301813736191, 5601
54, 26.525283310164124, 1296, 26.67776264445175, 1042
36, 17.734302822453184, 864, 17.52542227001998, 587
1535, 795.7686899457447, 36832, 797.6747273804452, 5125
1868, 934.1574210990836, 44832, 936.7456884331689, 9208
1630, 818.5761978590428, 39120, 823.0898790875189, 9664
25, 12.418534877087588, 600, 12.141526612535204, 284
99, 49.2374202609027, 2376, 45.988716419370036, 960
70, 34.799743471632056, 1680, 35.87730526650263, 790
311, 154.22897797089328, 7464, 155.26596865718335, 2350
488, 236.81126741226015, 11712, 237.79883598543682, 3840
487, 236.72254851099052, 11688, 237.7269632963288, 4490
487, 236.72254851099052, 11688, 237.7269632963288, 4490
454, 235.29380827108707, 10892, 236.48821728626336, 4077
129, 62.644666036915496, 3096, 63.853574639053534, 1695
117, 56.999093664546784, 2808, 59.71475888316563, 1585
345, 167.07606987363135, 8280, 167.1149867484988, 4123
345, 167.07606987363135, 8280, 167.1149867484988, 4123
105, 50.93384915873554, 2520, 50.633414540469005, 1953
106, 51.59274573477528, 2544, 50.27982186314698, 1673
84, 40.78431377049003, 2016, 40.43028329594011, 1568
54, 26.219473323077146, 1296, 24.945497036969787, 939
8, 3.874982662627197, 192, 3.427886208865308, 251
19, 9.20675642882768, 456, 8.690242700650641, 946
100, 63.504546689412564, 2396, 63.34342293782947, 1525
750, 362.6424029542015, 18000, 360.300468950792, 4598
750, 362.6424029542015, 18000, 360.300468950792, 4598
1590, 775.4369247018951, 38160, 777.0982996886903, 7435
2157, 1042.6348085424263, 51768, 1045.8254187703783, 10627
1730, 834.0206484625518, 41520, 837.790290242632, 10345
1819, 924.9073746596043, 43644, 926.0127965174216, 7900
87, 42.27536927163698, 2088, 41.728032777841975, 1313
2111, 1028.4024589527585, 50664, 1031.5219758621918, 12139
2111, 1028.4024589527585, 50664, 1031.5219758621918, 12139
2111, 1028.4024589527585, 50664, 1031.5219758621918, 12139
89, 43.16332672711368, 2136, 41.84966326781219, 1158
54, 26.195835726503976, 1296, 27.18890233537563, 851
77, 37.68061337102878, 1848, 37.16291547002229, 1404
1159, 563.2612195557799, 27816, 564.530433444822, 10507
42, 20.49176994924119, 1008, 20.56135841094923, 950
77, 37.61630537171837, 1848, 38.29811860358973, 1973
43, 20.930018537577276, 1032, 20.901635582704934, 748
50, 24.36887424068897, 1200, 25.477716239192773, 1026
85, 41.72161918692131, 2040, 40.52196154853125, 895
2541, 1242.6061384783222, 60984, 1241.5277451354575, 9236
2541, 1242.6061384783222, 60984, 1241.5277451354575, 9236
67, 32.84470504789498, 1608, 33.89022099793866, 1225
161, 79.06237656086478, 3864, 80.71106937619477, 2482
63, 30.83264714109, 1512, 30.839668111284436, 894
2724, 1321.1026880432119, 65376, 1323.8758901178542, 9052
2678, 1306.1070908840054, 64272, 1309.1337639509204, 7447
1142, 555.508874483979, 27408, 556.8595062573345, 7832
1350, 669.76640935866, 32396, 669.5154056958833, 9314
1653, 827.4349260901078, 39664, 833.7809083236327, 13778
115, 55.64258059730532, 2760, 55.16550799848446, 1062
72, 34.70628641521391, 1728, 36.07065752997086, 1400
1030, 497.9056587856648, 24720, 497.46858376070657, 12193
59, 28.427269241171153, 1416, 26.680243908695314, 853
71, 34.162100240762356, 1704, 34.51018609499359, 1242
874, 428.1895311690679, 20976, 431.12072675636017, 6863
75, 36.78720203902991, 1800, 35.948405093299904, 732
33, 16.200810741913024, 792, 15.248070923253499, 662
77, 37.76678747889638, 1848, 37.11565776638641, 1290
182, 89.22520996544776, 4368, 91.40818490342735, 1728
2701, 1319.2024724527455, 64824, 1324.2003057061627, 11007
2701, 1319.2024724527455, 64824, 1324.2003057061627, 11007
1769, 868.3117560189639, 42456, 868.9560407760517, 6365
2597, 1265.093063598226, 62328, 1270.7607607369068, 11496
1, 0.48814411297532684, 24, 0.15876160947538417, 78
119, 58.54521989693708, 2856, 59.21496506182039, 2351
969, 510.3338892424982, 23248, 511.3614827490197, 5755
969, 510.3338892424982, 23248, 511.3614827490197, 5755
969, 510.3338892424982, 23248, 511.3614827490197, 5755
426, 209.72376131419963, 10224, 211.0173398761012, 5435
36, 17.854616483219807, 864, 17.93624096398462, 550
15, 7.189309182229255, 360, 6.909704006611079, 419
173, 82.87155017523824, 4152, 83.93573957602395, 1398
168, 80.36194910920906, 4032, 79.51054639212542, 2347
53, 25.423263494595886, 1272, 25.711046642918085, 1255
537, 257.744070701937, 12888, 257.67774309395435, 4269
2023, 962.7182371413566, 48552, 966.2551583462541, 7358
115, 69.74156984496727, 2756, 69.78816301793425, 1502
3467, 1656.7788221361595, 83208, 1658.5059099069128, 8840
3467, 1656.7788221361595, 83208, 1658.5059099069128, 8840
1658, 797.0342074488608, 39792, 798.5518303415869, 7496
200, 96.3074611970903, 4800, 96.60790559319176, 2178
2214, 1072.219438192122, 53136, 1075.7426710575037, 6947
1851, 875.528393739588, 44424, 875.4385076937184, 1578
2895, 1374.871234503236, 69480, 1384.4005386486938, 8186
150, 70.90865150398504, 3600, 70.82380364836665, 637
66, 31.190174176230187, 1584, 29.905271628771757, 175
1160, 549.7921261511271, 27840, 555.7091300431268, 2431
567, 266.3676186850904, 13608, 269.04682796186773, 567
9, 4.235480062030793, 216, 4.080857709988659, 25
72, 33.8629037944186, 1728, 34.54833330457819, 246
702, 329.2918051387079, 16848, 328.34406250927077, 798
1005, 503.23967083515424, 24112, 507.1108385706059, 874
1219, 602.3258895509505, 29248, 605.8029132228875, 842
496, 247.23760003862614, 11900, 247.1747368644657, 501
1132, 558.5534579069924, 27160, 557.9181718567044, 956
1132, 558.5534579069924, 27160, 557.9181718567044, 956
