74.08938245772342
51.06998649330332
120.8466189140534
69.61214375216542
268.31587751961104
451.49806620225155
39.1760513342231
87.60620720111345
699.6387302008718
673.5599173308816
375.97936441235134
1712.4377507820345
530.3776542612121
1345.742942055637
1226.3708030901187
98.04776854340082
110.80912059325208
88.63363278076966
125.52966601077046
748.401299194363
764.7315604430482
93.0823905106348
964.533455271749
1222.455989587516
49.05164442948457
140.66969861627723
118.95259127222592
346.32569984778905
375.4535534577784
1295.3576763817252
886.3458579057743
1605.2064392886189
1076.0839822618825
742.5328634510404
964.4692605147321
439.43886548302663
469.90505601644253
1268.2431761554676
34.36362033973241
143.82152141822868
1145.54705731282
1070.6859837835152
365.57768244688066
759.3640249075887
35.950664264174016
975.4548615082069
932.9586398671008
839.2750198279259
497.4724212877389
548.4959102298923
509.0883543229031
419.153642749726
187.35549130768032
998.7012158820961
101.73512558118624
298.73933038195185
139.44965666595667
474.0961168124939
438.576570177855
155.06738159940136
348.6894300275319
370.8387319873065
333.6338941789749
176.42028337882678
270.8552208279911
315.5228641911106
292.97219666793154
754.1054484490529
535.8493619930763
48.25866619808474
988.2269047178293
633.4544306155814
375.363319055659
527.0586337316678
98.69260493550412
188.09420518916198
678.0203717418904
900.7450708182643
1843.3440744350592
951.1541081411301
1454.4894132913385
437.04411025486564
1563.2049087687762
818.0971178117284
689.0487213147917
379.4220929186096
606.7673350702473
932.3414630370186
1635.086200336228
1862.795484859948
563.7735913483843
583.2791486528433
429.6526842126995
1374.1160454756032
2130.176704793498
1408.680345535406
1234.0885695359216
2764.4359762100275
3968.132259006562
30.39800721425989
44.221026632886236
34.37392492914553
214.41908722388644
61.47542060415862
2868.1733784430226
41.98520229042418
48.41942407481575
75.94921528068792
105.7922142491835
616.5464346067471
865.0273887025285
597.6396225393072
243.36721513349622
693.6620045597884
179.49171545818393
105.52649174526618
85.60522088507588
50.14207708591776
74.7107102807419
307.20197330192286
82.99653568411603
120.02183556180839
720.681464982182
2058.1877750144713
56.10352204455027
909.7994533282114
58.906349273965056
913.5462711910124
1023.9970140614982
2562.550517338569
3021.7470942640975
494.6115460330141
490.49022586328056
36.34727179649163
381.63251556960404
212.06719555425104
69.85493185295336
164.26308408180762
58.69435678998193
130.93685484000395
736.4572911893831
979.6815122457515
330.8475663002883
84.62516568087835
198.05495866382222
57.03805516958033
38.10056728534912
88.38749548000713
336.0373758209817
117.56306423496167
162.51387816132856
156.19048150754034
110.73536610060557
461.9367182111206
1318.6246474013374
62.166476864141856
62.48070825255239
49.58655999507163
97.7232102496006
102.99799260839548
448.0027880381917
32.47372241197738
342.9493470018635
210.61728722307132
38.77557169770429
358.11621229507466
181.48781898788116
936.9451014329235
114.48920625431983
204.24935483194201
968.67854595966
194.8078940287701
1264.04924014617
34.75052973077616
174.96254556503774
689.1633916926712
195.1268114763495
406.15494809623794
639.2534066127126
99.60002956772405
309.0616915420981
32.901522538103265
291.5937484600711
147.79925350124026
45.02521047900405
232.43036884250773
863.2179149654118
31.021338148417666
42.66826073188742
1293.2644902752183
376.64964239256307
1004.6889691533221
53.7507823126225
1361.3277692283716
1342.9338984763442
37.251101380127835
59.05546535801198
560.5547534294882
82.65857553154332
175.70735661488322
716.2890276400884
106.41988266111005
321.53096111170237
107.63496828515092
370.4844704278451
908.3719625043011
446.68128743318
1238.5099500516578
69.86286591002099
31.755092753778392
316.51880714115083
1290.178555147696
55.13046237303837
600.5919425149159
160.36886234982632
217.81197715550618
147.99287791838296
1033.3297987963772
1771.4956719724642
184.90345301295162
100.42492081182274
941.0710812307693
79.05671955757666
99.90694394276305
105.26391466862624
129.13607341665517
520.6694741702836
520.487800840285
124.12130029376713
491.5051425003621
88.51434380036679
44.766090490078064
205.04917018892243
324.0171562198742
1283.674858014204
78.50790208472702
1179.4366045971392
89.46279942816695
394.2915588556102
101.90590338888705
325.6527607153428
121.38294980076675
42.00148201773556
42.09206396722661
77.23938571156201
112.52156846925494
204.49917315141494
628.2954562974362
181.80845958734855
2375.2986185910763
1803.2022861478345
1373.681610422431
1787.5340354611906
39.529689800317584
56.419586968671865
52.37305025836649
368.3151921756704
1320.628596409506
308.78038080371545
179.35963081016314
38.25733537656645
71.20814091293228
190.1457222572401
68.25789102952156
155.1712988728333
55.53297674558502
151.2377344108322
263.36750388739114
160.12893296560637
136.3788941755599
102.88563451636895
41.043798835087586
147.1372433029022
232.61621979028638
428.87223827119305
34.09054190934292
479.9065197793398
286.6772407665682
386.3203170996442
583.9924680685111
791.575679971428
494.63183285102843
252.9735320277509
101.32223109317734
166.63386147793992
65.15921048004859
65.46403714265466
736.9737520474259
283.81980312468187
208.48077092127238
636.5274104137457
61.87959465689393
33.606333676722265
81.27104191072735
67.48919466028921
147.624026041115
69.53151212978581
107.94369165266669
804.7613722775205
82.65113272379378
135.39682177421565
102.57932124638079
1244.3674939650202
201.46518321945356
1033.7517307489302
519.2183386304199
527.6390786579001
225.59869609207362
73.33789974532182
96.50900538237475
152.03868727490664
72.77411447760898
595.2277900730809
74.47725510468703
153.77092574906624
399.74835082662383
843.7858240255977
85.48789228475081
254.66831655987306
173.63151180043522
1563.1066989333915
1022.732040740745
1269.896317312853
637.8604138849611
116.71507507456812
1539.4865665021152
911.0437507071086
941.6900189976035
511.4614132612475
872.5479398753964
905.6219118889744
846.9494459084906
372.11661162639047
327.9104213619413
1124.894818560037
338.9919716795172
569.3979382925737
397.50711582491977
42.95264260656489
111.51139740440044
323.5469606863384
1376.6014479751598
660.3975671280922
1770.5418054491508
1720.5733543501105
605.261065593679
404.4541404576506
1598.217096983203
2245.249672807892
42.64619315859965
78.44679228777615
42.800376094602825
64.5082441707354
92.82062459647643
49.89837717574368
130.0706183199311
89.25108365564873
31.23999390745463
127.14058256636835
259.8760419615409
131.1558610729699
707.881999140355
725.0671618819143
265.00708464566014
99.53917473219936
247.28966396282036
37.293601381618444
90.97157845051662
304.6872139709712
42.89500400288015
41.533311251110156
59.27113521690863
1707.230801791656
32.58208278747506
1221.385040480719
104.23798557805132
102.59865867528268
80.59014441390828
37.35459749482188
32.90852812039832
74.21060986173951
74.56859165377769
50.45249046099153
90.18914279170797
139.77874211240888
51.60287470267673
59.12580162768529
51.44615193698869
49.92820430625975
65.48810715638311
84.15332745222263
60.432793619079646
91.14178530384254
119.45830409193803
85.13544157618358
104.72767838066945
416.5584214216081
35.87959823705128
55.478677445626914
271.4720504578356
119.22190421780331
380.01075353315184
598.261850437072
131.82517058103764
318.10850145598954
36.26112327597035
108.48323953532737
87.7137432765622
205.75251688798298
499.7037732505777
73.36077555591164
566.8318349471143
205.22347028707506
302.8253174139021
143.9055108885671
184.54365190988366
479.10590554996844
58.97209063164943
89.61945719696615
272.22853066917145
397.61496581647594
109.32122870518717
974.6179689609494
111.44873964305401
78.711710041286
149.6093786597653
140.99131319371492
615.0970563458249
480.1315468902551
119.562073778318
729.2421702817395
49.36437255919553
59.81812483099353
254.03183648484426
283.3203118831125
1197.1798679575388
234.93450653662697
1047.0808025593485
1198.4072234150544
1466.8402679228354
1047.890111074441
356.24930897691246
117.41192013309707
230.25321566502464
98.45716525218107
44.57001162322574
75.97373392922837
51.85527651458568
117.08680613424667
105.83937251379552
151.76382955915736
106.93804096882053
38.76873122754388
463.7081298803953
118.13350683557692
148.47905966144492
37.8355333524177
203.5910593699736
160.69591562056755
219.37508867645838
67.7594705754532
174.044788123219
635.7916674688184
363.33170283023
322.1771840452796
107.93067583300758
32.94823058141148
271.39151452225
194.9283706512367
528.7495092301393
130.7297819637529
241.7458456083993
298.8978945733943
97.49647703054588
275.2575724243851
190.37312132559103
220.1600449063883
814.1094833468995
49.40943275644218
98.00281205296709
648.1324662934512
548.2750763106905
32.14773721313045
59.68253632481208
719.9495667593199
241.15567850684323
530.4730185680415
423.54231329922845
115.51167112556563
121.23774230634271
45.103492189215345
189.9833024567849
139.80587196601962
605.314532765098
617.3726308623731
114.53238938841841
480.5585265330695
54.48330624770329
1072.5415298519208
427.7710957662709
369.7467366500434
430.63969514038007
116.6868710240353
84.329416801712
53.84407567251071
72.29895528568211
389.38568244692044
193.27694368413236
166.86304402206963
106.66087689107364
284.5843226910138
226.0948765496082
123.94553326760133
234.17134254949855
487.4521490283092
344.86401029467334
323.5858109903584
856.8775364270091
231.595876089619
99.28876590470428
618.4892065310601
789.9209823281682
56.59057703502113
74.58285559504012
79.56442540665293
334.28569844150576
53.16157811362414
83.44999276713521
138.25701384393898
379.74231392697453
71.80093329928998
1066.199937724078
266.6710704868812
57.052826244640336
60.174156888851805
594.660745584836
158.31344828000223
189.80568382040275
120.68955882981201
363.01009441047603
47.69445806257232
293.161696181365
317.65287327555234
528.5598172044104
305.76111899205426
70.17506003323076
201.95263966525206
544.5931317880111
182.07533114634393
589.0294419150362
87.79153075778184
108.46004827061141
72.35050556825138
32.95455223126116
37.46258157001636
100.01890514327798
107.62244603849304
167.28857903533785
123.7497838950818
457.0867939044015
249.4097382230601
36.21081489457824
870.9826023382498
75.33283184155978
33.61303309976998
315.4417197585877
145.21653983646473
491.67976138179733
34.00253853186564
587.9426060202877
155.7552770166219
109.42719431582864
77.4296031432397
254.26980480399789
258.6204969216566
102.81592897629422
184.64233721033943
175.54636373120107
444.6509705999364
367.5074604078006
333.2397884184284
136.6871668978401
356.02673464391313
405.1073914295464
45.471388921659994
55.726170449175676
99.27664689931456
880.3872450922216
189.69769339932805
275.6316280883846
591.9751823389993
843.9704877493223
56.40519111880673
45.06871523531244
166.39553732452234
208.08995313022064
181.03435702014062
250.16532240661994
55.81520145790369
117.55880620378723
288.0215936021609
70.0630866623226
111.9680598154364
53.74670384587699
49.47746167998938
36.12737526054911
324.99565424196226
33.623441849394254
397.2195896260255
94.4581026047637
74.09296692915653
334.0874538250632
47.43894446450607
47.97594736928649
40.16664921731714
64.15860985722335
48.45521740921748
65.04043100485484
227.84057412734134
921.0504932438021
128.19009857827336
65.62743173676192
66.84111827971095
46.84571688344303
136.949327887924
252.07583632265033
127.9060753327533
373.94624307707466
73.29118849356969
105.80232904481882
386.36252965886723
92.08348947891466
179.25581743850344
37.061989876292444
182.2716371927224
525.309651674433
591.4083265284199
85.83742325832345
130.3088421787953
108.78675170700014
690.2358116185973
77.8193782043581
225.6074655888886
33.20242953130569
258.4567136588308
286.6133453291955
445.5747938610413
1086.7787283268892
297.1616742108388
117.78615164565717
100.21670199395945
33.5752432869163
402.36013496310284
350.49600232068576
1186.6458686338315
641.4247585251618
632.314019895648
126.91079038813464
429.171525551668
303.1618137873598
305.2527519994935
98.99330314270857
44.458743401124195
180.5546135550732
555.701185152205
198.4883802341099
118.56513865488023
189.21727496598433
228.22212078040806
867.6001911964112
154.0370211458247
1112.9130560606843
475.91898079473856
402.0698303553851
33.512089138961045
316.09766390458304
929.9406591964887
49.729383361017995
199.67144164799322
487.6658046918183
311.344408136131
80.52800224806347
420.54473225161934
88.35382493175071
300.2323638879027
837.5240379217192
50.98296383309919
1230.1843599877348
67.80413644412387
78.17348716971475
49.10986336421902
273.79383643084975
483.1362897943688
171.46978391032332
139.7325520584363
229.99501951847367
502.3211990851786
48.51812714335978
977.0103818170579
807.072777912787
575.4948266378694
1038.145774439804
613.9617323158436
1142.3040215747567
54.94710317555926
1161.2091928223015
125.68441274984272
952.9841151862136
698.1899635723275
142.1149189380833
827.7128169446233
47.749473298236225
47.73197720231967
78.7972073488812
378.02492575269895
53.25768027168974
582.7830127714889
880.7588622036199
215.92868263929392
157.51604363264923
74.97094942515798
80.50880186975851
725.1944488597658
901.7477512767731
1128.6591695656753
1026.9518393772235
279.1224814128841
336.0494205023171
840.3520927178611
63.90567590274781
85.61759406876823
692.9580449390498
93.4405207963365
1288.8149648870597
229.2019907118184
133.5905615024431
780.9979411767057
118.75807183726427
818.9481846289149
515.2725560330281
490.80530363886265
510.6914496337126
198.94755481866454
640.0407030401626
912.8581208209764
72.69209928884887
102.58370923708608
936.1025614936626
1074.4649790581427
63.61550274820337
838.5148435207692
147.0697013214428
438.0619442997613
846.9306154267464
57.977458817520095
1031.7909300941992
231.47383134022505
520.4915977777767
855.4199000712267
44.85314922124083
61.73378250775414
33.851728397571456
64.84450298570555
39.47759259720614
38.72903498181382
931.5296304029686
74.19981922971012
46.361576379257734
60.99585478588228
54.527955671654354
1832.803164859899
719.9597915946783
608.2001286036052
407.28812649874294
313.94479854418574
87.6259264944779
63.539363301970965
1275.8359730787988
634.5167677104283
1012.2112722607858
57.35592668780833
77.76813846364044
31.742108303454796
36.27155006215182
1374.548851147324
1540.3507775813578
1008.5882389305077
284.0126807903336
158.50533028687224
599.8945740311092
663.4411066257103
227.5963588914036
40.71666753659706
145.51455206020316
206.4995553977922
376.10337523669756
148.567670846981
81.21832765381671
69.25827421924207
44.599277869795706
68.74984461203609
49.83100644538788
794.9845007715052
40.81813808294972
682.7301460045421
38.33588563834019
38.22770809424302
38.95506064213619
1444.3998841706148
43.94687197292405
513.8301813736186
797.6747273804566
936.7456884332013
823.0898790876204
45.98871641937467
35.877305266506596
155.2659686571443
237.79883598544535
237.7269632962746
236.48821728625302
63.85357463905776
59.714758883148136
167.11498674851484
50.63341454046408
50.27982186313973
40.430283295941955
63.34342293784398
360.30046895074196
777.0982996887043
1045.8254187704651
837.7902902425589
926.0127965173173
41.72803277782672
1031.5219758622047
41.84966326779332
37.162915470037795
564.5304334448264
38.29811860357571
40.52196154852166
1241.527745135471
33.890220997942855
80.7110693761904
30.839668111287587
1323.8758901178237
1309.1337639508552
556.8595062573253
669.5154056959625
833.7809083235323
55.16550799848685
36.070657529959504
497.4685837606903
34.510186094992044
431.1207267563523
35.948405093314406
37.115657766415296
91.4081849034231
1324.2003057066054
868.9560407760524
1270.7607607367136
59.214965061836246
511.3614827490005
211.01733987608918
79.51054639212389
83.93573957606166
257.6777430940011
966.2551583462515
69.78816301794555
1658.505909906994
798.5518303417185
96.60790559320316
1075.742671057445
875.43850769365
70.82380364838859
1384.4005386486972
555.709130043177
34.54833330457591
269.0468279618524
328.3440625092709
507.1108385706985
605.8029132230361
247.17473686445626
557.9181718567492
