52.677720812698766,13.344893468981518,52.60751911939028,13.198726805782321,52.55047579715684,13.250226933655977,52.545547092384616,13.18720474561661,52.4569194098256,13.226016365268197,52.44497199902882,13.27759187555524,52.40108827930847,13.24726067011498,52.38264332812386,13.26441620274477,52.36906383066494,13.273570702264205,52.42323857829428,13.371226660509594,52.40167394074061,13.475533375472844,52.427637936645155,13.463094093560938,52.42789612117154,13.566752862192978,52.47678582384328,13.599200415847328,52.51405972019281,13.670791145556317,52.58737590426324,13.614070260761947,52.64360108178819,13.553054898885135
52.659610421937906,13.347562984527016,52.58486933908917,13.263101302428977,52.53489633151624,13.229263904920867,52.515771483856106,13.212953233861558,52.51364206596971,13.257538284898244,52.48012763677689,13.17784519838021,52.397708268476826,13.230903686336886,52.44529922953452,13.298475059783975,52.366365477916126,13.282281772239617,52.385620520174875,13.385690853270495,52.36749345729804,13.387487937012272,52.412365432531374,13.479844163057338,52.406272808661576,13.572642593973587,52.46458216163191,13.521272962586854,52.47472962494836,13.597927925137023,52.50275848028644,13.54997871202589,52.58559932805085,13.648352657804155,52.570568233784215,13.561730996465542,52.6281592598461,13.60314461307664,52.621803800463496,13.526858703729427
52.665383461245014,13.327054010101453,52.58613937662786,13.28395371740558,52.571066411105164,13.2157068037636,52.58300459359869,13.159715636555777,52.540157570219336,13.215649832421901,52.504423055919275,13.244435696999806,52.419554523309145,13.215761703617979,52.416583620977455,13.262785320357784,52.35841012930925,13.313864595269841,52.377242830153534,13.494704256891248,52.41871962055086,13.500801198824188,52.39533463186734,13.522857249626846,52.37824492692879,13.561478728424268,52.40147873779701,13.585901417289428,52.50358354204362,13.59514936318576,52.546216379930584,13.54637744021655,52.601058399307455,13.582335439959786,52.63343689587005,13.451556314484414
52.59347291424227,13.29598663755452,52.61031532191886,13.166318804376898,52.5675974993598,13.279479025791636,52.49998540302371,13.141022073134973,52.487700563227385,13.251347538691329,52.390617934013015,13.245320131163105,52.41402121328044,13.323949088853725,52.4167926379102,13.353221486879184,52.381399096705834,13.51080519017885,52.46095384926735,13.51634815949801,52.51471858949003,13.567288485609678,52.5521142932358,13.558785842088069,52.63113465433624,13.502341573624589,52.648166489501634,13.512625807342523
52.59179661384436,13.315861895129403,52.556742450633486,13.160957930998364,52.45391688191199,13.16228380184077,52.43700823463952,13.316575268642323,52.43019783680128,13.397234676710648,52.41795395547887,13.462561841901604,52.38165499912756,13.569494794343605,52.399431732686296,13.559218917133917,52.483031108020384,13.602662431699397,52.483031108020384,13.602662431699397,52.5618610459529,13.631312410308542,52.56076218963277,13.536764459394904,52.62850153743142,13.560480071712375,52.64828300482979,13.473662416493815
52.6352756696745,13.239681959841903,52.57306835822144,13.217197570462318,52.55337770366745,13.144534497528436,52.53572457625458,13.15498557294352,52.49764795519721,13.246624579845017,52.42125260066512,13.254096882096317,52.419928073281994,13.33866605233944,52.35746733087429,13.31849722595618,52.383930070085505,13.481705222676286,52.449104668042814,13.495800371465752,52.437316488204274,13.598299587383785,52.50966312934688,13.596314129226762,52.52240925146779,13.656184869508659,52.55029618790187,13.605862303167886,52.577049563658406,13.638216831734168,52.667840272755626,13.513525640594107,52.607629536138795,13.438267559903965
52.603869129426386,13.318636626355989,52.5524251419131,13.204940823621975,52.445683958091145,13.185572196371792,52.381399096705834,13.29910280982115,52.43019783680128,13.412673323289354,52.39901728261978,13.6029748888364,52.480509056797516,13.537673833244378,52.54935592601262,13.681687662462497,52.55374303240962,13.557843656613837,52.56892273563423,13.52904524722957,52.602939689041854,13.4936671638493
52.6050297492317,13.356742663041846,52.56076218963277,13.273143540605096,52.515092292236,13.18341799237927,52.49195203800696,13.23375003256252,52.46358476879273,13.187556238852398,52.398721595716864,13.308036478820503,52.428928748667694,13.341561583357274,52.41923933792778,13.341540528941904,52.41267815260489,13.386460367137149,52.385620520174875,13.424217146729506,52.427637936645155,13.463094093560938,52.42016033040343,13.614117255909091,52.48607427058005,13.55760834549053,52.56701003875947,13.644168025147232,52.57244228141457,13.656795810764262,52.58084226764662,13.533243947137256,52.62622953532519,13.54177442294832,52.6220319455457,13.462830066717968,52.68186014303903,13.409614124614995
52.596250556781186,13.279325930948351,52.5843999659831,13.176905004818261,52.46999512143604,13.167657475995153,52.399575190854755,13.22742831783959,52.40309519123056,13.404954000000002,52.421910485820355,13.509365816795464,52.45768409023775,13.531120956113764,52.445683958091145,13.624335803628208,52.481254220069054,13.678330591292989,52.546158641017826,13.592277388590999,52.64667066777214,13.545860522338211,52.603869129426386,13.491271373644011,52.63577800849423,13.431764864665912
52.65568042771763,13.259611961271617,52.572349247540174,13.266916560841992,52.56076218963277,13.273143540605096,52.48960297766689,13.219492912716333,52.44542113532135,13.322446978638027,52.36011482971681,13.363487825889388,52.42826939732137,13.465729453756113,52.395801001987095,13.491333276434386,52.39901728261978,13.6029748888364,52.46282668802993,13.60561750547691,52.499689324443,13.548896500215063,52.53944099155554,13.669123066921369,52.58613937662786,13.525954282594423,52.67100287222575,13.444394574098204
52.625546168337785,13.291988031467953,52.57380716749,13.268438412274241,52.49580945853111,13.201951363402321,52.42782946091998,13.204712627126538,52.42782946091998,13.204712627126538,52.36109245237307,13.354375028057708,52.40880245262286,13.464177490432713,52.46499913761497,13.57438816262618,52.493629262235764,13.546208259276304,52.49638143348655,13.623164439137682,52.509735209738835,13.640798431124816,52.57897492027171,13.604480724363636,52.63113465433624,13.502341573624589
52.641609789645166,13.351251521786548,52.57087538915974,13.265436907352951,52.55793828808582,13.270888584312422,52.56679802212214,13.134729482315578,52.49355998319472,13.21785475016001,52.458600334012296,13.207697261693925,52.463208216863876,13.237124758317336,52.39170849007817,13.268508933671214,52.40761237366762,13.352129185842937,52.415756790254164,13.359159401798099,52.42108162334893,13.404954000000002,52.35657387072063,13.486752097906399,52.415570749298006,13.520385618721075,52.38571123087253,13.553265666328706,52.390617934013015,13.564587868836897,52.474194270526084,13.581632182937103,52.54167684740495,13.54843166468005,52.591946771335856,13.659876276308882,52.57407072925304,13.523135450827635,52.57654746423743,13.51996193653451,52.59179661384436,13.494046104870598
52.662121125396695,13.367840998630419,52.59214528770536,13.272935593766565,52.53707714222166,13.244784840240625,52.523640904584035,13.227690805441295,52.505605844852475,13.214312325792575,52.411309614969504,13.25019491103175,52.435181925593966,13.32138209205824,52.367331124507395,13.39184984358341,52.42323857829428,13.43868133949041,52.40880245262286,13.464177490432713,52.45636941532481,13.509311173554721,52.44249386963138,13.586236770421761,52.46965439615044,13.527343079089018,52.482979742221154,13.571474320256122,52.50279131536879,13.66942818825106,52.531558557965745,13.625864308112432,52.53877547453227,13.564612046372066,52.5601505222492,13.553611165805343,52.58243141717808,13.511421622453303,52.618871977963764,13.41064064752899
52.60100520154585,13.311531508838357,52.57280746520545,13.285239752143164,52.53517315570239,13.199509321151869,52.4591105167702,13.158631884547766,52.44231303490084,13.281969256101705,52.422042206770286,13.382378016504628,52.42114175072502,13.410615110844901,52.428449714025795,13.498743216901005,52.46499913761497,13.57438816262618,52.51440574875369,13.656024331121355,52.57136742002145,13.625981411565608,52.578335957039805,13.62127243925886,52.633305421845144,13.550919386062406
52.61509169138099,13.360044547089739,52.60415404125413,13.25089028393679,52.566257771110735,13.278133643998972,52.55856575160572,13.255169771182612,52.55536151743586,13.253053207650954,52.482979742221154,13.23843367974388,52.47347762928902,13.261559042584867,52.41489755379075,13.320927999346429,52.385620520174875,13.424217146729506,52.439748639075056,13.52341231780675,52.474194270526084,13.581632182937103,52.4794661614611,13.569244548914408,52.57244228141457,13.656795810764262,52.570362482521205,13.61074268701624,52.58282397088163,13.584405177126293,52.673520807905575,13.528486897988728
52.59887187856094,13.283779573165296,52.57684708014715,13.203769029676081,52.55650880914453,13.26982235410907,52.57470195570858,13.202172304335944,52.487252203959194,13.205237316308345,52.43691342829459,13.15981130089216,52.367856799422476,13.31427860499874,52.41289085321674,13.383392238663262,52.442895726951214,13.480941765574588,52.48623876199398,13.541883837110293,52.55374303240962,13.557843656613837,52.64700349922323,13.516294456356363
52.596250556781186,13.279325930948351,52.58243141717808,13.298486377546698,52.57808086464289,13.273252479236861,52.580624282890845,13.190338174389387,52.49057910193382,13.158479964939698,52.42239673940082,13.192959828193125,52.42782946091998,13.204712627126538,52.436036300709134,13.352089293787708,52.432375148076936,13.371773068277033,52.41289085321674,13.383392238663262,52.410800689151934,13.534940454427625,52.44336556588856,13.622168643040595,52.534101656713084,13.595719368561832,52.55945088802688,13.63247322923503,52.60943401961787,13.50433283893772,52.64958559006639,13.538492980821651
52.638297850296745,13.333993454265546,52.5789552927532,13.293260238864335,52.531558557965745,13.18404369188757,52.462704309375155,13.220830573606118,52.463208216863876,13.237124758317336,52.42081659730902,13.30336660872623,52.37875068802518,13.35997692586575,52.44132897144877,13.476479369205498,52.490982242711,13.560324352621002,52.545547092384616,13.622703254383392,52.544157477448564,13.57785998601358,52.595771082769126,13.640254942799059,52.58613937662786,13.525954282594423,52.61207565105919,13.52349336573062,52.60337770091886,13.460425040236998,52.660743858086,13.454278067697079,52.607969938608285,13.435744397348897
52.64745508161909,13.240689811602072,52.550684262633034,13.26597310772743,52.45760156892526,13.175746342013758,52.47096177796721,13.28113914188843,52.43127260178301,13.218984267551528,52.3775113382916,13.372149346910936,52.38476579605791,13.485585233602208,52.46965439615044,13.527343079089018,52.467038475278066,13.656192316549271,52.55793828808582,13.53901941568758,52.60198494892586,13.496035777613933,52.61697804952109,13.482874005140866
52.63903335479935,13.337405692541527,52.61360775113544,13.24513884252886,52.618014361023704,13.231619975422646,52.52265689702012,13.124164833519867,52.45134993721433,13.164220428273532,52.457941492419714,13.242243017450786,52.452094791534215,13.308140029178352,52.440961429214376,13.307288534072,52.397319813773834,13.358537622686576,52.41267815260489,13.423447632862851,52.411586493002886,13.476752356218146,52.40681057007863,13.525387924478446,52.39408654209683,13.571896918556115,52.43655335520828,13.615275009389919,52.4704703305162,13.578892524752016,52.52618873548147,13.552411821171678,52.5521142932358,13.558785842088069,52.567016558038155,13.597008757586057,52.61697804952109,13.482874005140866
52.64017174749859,13.226453435301721,52.56816946035112,13.197755947660651,52.51982658776454,13.198038772729522,52.511237619336306,13.139336417555917,52.46664926205835,13.217651824689641,52.44058054278447,13.225921953373557,52.42348380849211,13.27224246684764,52.385233240778845,13.232595724792231,52.385620520174875,13.385690853270495,52.44132897144877,13.476479369205498,52.423034202834295,13.512158649621004,52.420724287327744,13.532057038696212,52.447670023553286,13.574171118264006,52.521891871564605,13.59706930011631,52.57222543353536,13.560258154747563,52.60083108585451,13.563753073082879,52.63871501016724,13.563502585086095
52.6155540958677,13.362784300955811,52.59214528770536,13.272935593766565,52.60250513626467,13.24849864194702,52.594642980190926,13.152129612555585,52.50763257955028,13.213924028378443,52.47362096793684,13.278400775778106,52.45107700761605,13.310100673031599,52.38611120534341,13.378018159564746,52.41289085321674,13.383392238663262,52.39412109635291,13.401353133661809,52.41795395547887,13.462561841901604,52.40108827930847,13.56264732988502,52.45900260890025,13.61897651506132,52.5084182796729,13.670271159774504,52.58737590426324,13.614070260761947,52.600118128730166,13.47217506241463
52.640380604079176,13.249840692594386,52.60415404125413,13.25089028393679,52.53572457625458,13.15498557294352,52.517260195392616,13.168529182707005,52.51440574875369,13.153883668878645,52.426191913519894,13.245819156907904,52.414066363854154,13.371194174051098,52.41210480356003,13.408041715880172,52.426459443380196,13.457771380487191,52.408799817809005,13.50184995902442,52.42174755911988,13.577515393188005,52.52202397759212,13.611848061301483,52.568895646502874,13.56315591748601,52.59939205322565,13.474466147673636,52.65519307370291,13.486083090001198
52.6026225490956,13.290736594746221,52.56901242190432,13.182491451521567,52.49933275478176,13.246004660058965,52.45635374777964,13.280593097112297,52.370952269941505,13.301357216259786,52.36517701847019,13.327445966494757,52.422985006813406,13.482530693493613,52.4421698953531,13.65471950090067,52.497442722155995,13.578345851994435,52.49885588206789,13.683541724518731,52.548922236540605,13.651755571046191,52.571528116731464,13.526164447130704,52.57947062412602,13.53496961648104,52.66151822396351,13.534347248063542
52.64515497637608,13.260428088330046,52.56190163975049,13.163201264299833,52.5047849704592,13.125304479907875,52.40113856707284,13.20349763064995,52.42451625426886,13.24853134051289,52.39622910342697,13.257684670215655,52.41625894844368,13.356183068659055,52.38751836928159,13.497074599190269,52.459033410311854,13.532888740908984,52.458600334012296,13.602210738306077,52.462507063663466,13.637609457600213,52.5047849704592,13.684603520092125,52.55244668004929,13.620223484979087,52.57524870330179,13.539905999413817,52.59684225417562,13.507446176402988,52.62049370233731,13.529764700413576
52.61778193943843,13.274447023528838,52.53302834203087,13.228867224728358,52.481254220069054,13.131577408707013,52.43795939619351,13.314211647576915,52.42361145307674,13.368462233744427,52.41372394792224,13.374230675514987,52.41313610371949,13.380330630313509,52.37829449946771,13.44588554057843,52.44529922953452,13.511432940216025,52.397708268476826,13.579004313663114,52.41466216182861,13.565844215766827,52.438712916664535,13.54291003986448,52.43127260178301,13.590923732448475,52.50907765988258,13.655535016231033,52.55888772845995,13.663315469430884,52.615290638272896,13.562057388837745,52.62319961757682,13.495368926966073,52.6262820583851,13.435826332344792
52.59864175871548,13.333172056309047,52.569288117583085,13.230623796532935,52.53861683449116,13.26032535729625,52.45449490444195,13.194566398240084,52.438799572767245,13.192270450583532,52.390985528927686,13.34032619112835,52.4212168928898,13.413443525151047,52.40351521129808,13.543583319178742,52.45571239511681,13.66494066442186,52.56446257967331,13.645474123593962,52.61247603980093,13.496492067786717
52.6050297492317,13.356742663041846,52.580132443351516,13.294968821486886,52.52861011326608,13.198501531456161,52.4448341503179,13.152990262040172,52.394902564421486,13.322141077298056,52.395647674839275,13.437231446457469,52.40808929446086,13.553394805254927,52.45517702513862,13.63233320387406,52.48335155192733,13.539860811046738,52.53517315570239,13.610398678848131,52.55029618790187,13.605862303167886,52.61605935835905,13.600643993724223,52.62423945153192,13.450966432994644
52.602598177481106,13.268837198271454,52.54963081886119,13.234352881380266,52.464378551912255,13.155278823494127,52.426191913519894,13.245819156907904,52.4303303165878,13.336386015967356,52.38029605978321,13.303083152661797,52.38313567404596,13.477802048468213,52.38751836928159,13.497074599190269,52.438971172439096,13.563169092193352,52.467038475278066,13.656192316549271,52.5353736411239,13.565585427532634,52.616944469877225,13.559297452609966
52.63008348421553,13.304387099607466,52.6011400938719,13.26648696850971,52.55812883036778,13.131098631217077,52.52774302069782,13.153998746813077,52.49816383252672,13.261618371487973,52.48607427058005,13.252299654509471,52.432137879789856,13.19954843032555,52.4537516037825,13.28431779268722,52.35006833071421,13.375713932026803,52.403964331003536,13.42830784592132,52.35746733087429,13.491410774043821,52.428928748667694,13.468346416642728,52.373454081417925,13.549103602155396,52.467504550544845,13.542662408716003,52.45517702513862,13.63233320387406,52.49846885377293,13.653642280721908,52.54935592601262,13.681687662462497,52.5950649887888,13.5523908657575,52.60395405635304,13.458021149965543
52.633305421845144,13.258988613937595,52.581291269645256,13.296711044465475,52.5323140365957,13.169312233685384,52.51799106017257,13.22763257599216,52.515092292236,13.18341799237927,52.475064866782596,13.164922805548882,52.426710794848596,13.169941770076472,52.427637936645155,13.346813906439062,52.426459443380196,13.457771380487191,52.39901728261978,13.6029748888364,52.46113724073915,13.553498696190545,52.504423055919275,13.565472303000194,52.52774302069782,13.655909253186925,52.61200398133159,13.54636656711409,52.68772656810597,13.458741392200988
52.6073283167559,13.328476784498516,52.61605935835905,13.209264006275777,52.58559932805085,13.161555342195845,52.51474993945197,13.168650715266772,52.46999512143604,13.167657475995153,52.399431732686296,13.250689082866083,52.359698744001065,13.368063653693413,52.349239582087165,13.395191640038117,52.3770118307094,13.529444795789002,52.42451625426886,13.561376659487111,52.46408019040439,13.670132235744326,52.51991495283038,13.552750789089218,52.571528116731464,13.526164447130704,52.599657275349266,13.545728848549343,52.64958559006639,13.538492980821651
52.64360108178819,13.256853101114865,52.55029618790187,13.204045696832114,52.45650400328737,13.160420761267101,52.38264332812386,13.26441620274477,52.377242830153534,13.315203743108754,52.392436331234244,13.33298585525843,52.349161818629725,13.409835914915709,52.36044259007769,13.505224948339071,52.4175606828851,13.591238783723995,52.51234710366805,13.581847699152696,52.5521142932358,13.558785842088069,52.613491684321794,13.543703143402876
52.615724235782146,13.294508488368272,52.55696925414768,13.25408845392985,52.52175792486881,13.227617371564357,52.466904797562094,13.138205477277296,52.397708268476826,13.230903686336886,52.36721513754643,13.413692299507984,52.432740834512884,13.440638476340117,52.443587026821575,13.605148479519649,52.47678582384328,13.599200415847328,52.49590069618691,13.68288362677479,52.51610832259019,13.582186804226916,52.61283575821691,13.640963989965494,52.62913353858178,13.473980971013704
52.66172172570102,13.310527448157801,52.56379069391671,13.242769068976985,52.48763812333995,13.220396689930345,52.46458216163191,13.288635037413146,52.39901728261978,13.206933111163602,52.42125260066512,13.254096882096317,52.367856799422476,13.31427860499874,52.36362507310299,13.336343225058464,52.40706847591435,13.355352961296246,52.428928748667694,13.468346416642728,52.45504278643379,13.527471132450884,52.519708768007426,13.670987388000517,52.55015571329087,13.621116135312638,52.60726907220633,13.509409065423345,52.63678036179599,13.516097363258824,52.61869085598804,13.416320319782084
52.67838909756669,13.299378197334764,52.55935622593412,13.271995757874475,52.52928115041126,13.228235016909613,52.52800751850719,13.21325080251617,52.505605844852475,13.214312325792575,52.447670023553286,13.235736881735994,52.38910373527691,13.351480239757121,52.421322060088954,13.416269370828502,52.434467663331745,13.450537067782864,52.43049708524858,13.503928894682081,52.495604841350804,13.577669003669467,52.55015571329087,13.621116135312638,52.62499882513834,13.62676937865533,52.60403107953932,13.538678874976046
52.613491684321794,13.266204856597124,52.59214528770536,13.272935593766565,52.59177565131278,13.199824993837401,52.55060714156731,13.143624596036247,52.42922071945647,13.167300452550565,52.35841012930925,13.313864595269841,52.38037599532745,13.347926603547418,52.35419213663781,13.337274118392909,52.376115543053004,13.404954000000002,52.406272808661576,13.572642593973587,52.45801864680894,13.550031306266192,52.53381950734567,13.670060200337693,52.538618250295904,13.579690152611782,52.56938604288355,13.545908100166605,52.5789552927532,13.516647761135667,52.613491684321794,13.543703143402876,52.63903335479935,13.472502307458477,52.616765792575194,13.43883023892409
52.66790230926274,13.264072187976636,52.57775850514273,13.156261820325133,52.515208531090686,13.25737557094353,52.49726768390189,13.171510618743746,52.47268725142043,13.213311165308818,52.44788488664384,13.20049574216151,52.449104668042814,13.314107628534249,52.44542113532135,13.322446978638027,52.412153987412964,13.398779501893253,52.35822736092323,13.39570356612419,52.412153987412964,13.398779501893253,52.35349857121216,13.46788514270277,52.44066367394549,13.565468117508669,52.46498652648079,13.639227733776975,52.5545442652139,13.604010989303315,52.60100520154585,13.498376491161645
52.596250556781186,13.279325930948351,52.56550635870143,13.244047707673639,52.531558557965745,13.18404369188757,52.517260195392616,13.168529182707005,52.50473327686996,13.169855556457247,52.48056471557302,13.147052723241668,52.42945963126187,13.308557352958408,52.40761237366762,13.352129185842937,52.38543636035318,13.389536501024025,52.43008850854388,13.402379853225858,52.440961429214376,13.502619465928,52.41935459098185,13.631618838820483,52.52265689702012,13.685743166480133,52.5264164095126,13.61161665613409,52.580624282890845,13.619569825610613,52.619483285532034,13.615068384896043,52.59179661384436,13.494046104870598,52.66638362640112,13.55006796022828
52.654310873881535,13.319948831510652,52.5789552927532,13.293260238864335,52.57602990030533,13.186999102006604,52.54471055170848,13.26280237652691,52.52507686785335,13.153822677613132,52.518345452179794,13.257185000116037,52.40997875644583,13.190374599226066,52.41317708777008,13.326994675514063,52.408190424150675,13.348921378488662,52.39412109635291,13.408554866338191,52.35746733087429,13.491410774043821,52.389555114053664,13.504597063735304,52.401973817592946,13.51214630814111,52.45504278643379,13.527471132450884,52.45284494945187,13.562102630386622,52.530237326461204,13.566677879379448,52.612655718729826,13.623337846598794,52.619152944927315,13.53263241664398,52.67478599399393,13.483010190703482,52.61819334327196,13.424811514730914
52.62838384716428,13.33280046035024,52.5874142618339,13.285870109860896,52.622159492519366,13.217799648269528,52.54319722029111,13.262117566891662,52.5268604501943,13.183527442345044,52.44793249574265,13.253796484636666,52.43172380326783,13.376809537200273,52.35812911093462,13.404954000000002,52.39287675684623,13.59231378428417,52.407403319999325,13.59583449510966,52.507400628783316,13.551270762761078,52.57206140507511,13.64133693702541,52.58181747070769,13.550440697899193,52.64580172843298,13.519928894269809
52.59230453424091,13.293894093412923,52.567881663934514,13.2626059731392,52.48018960591787,13.162479675891912,52.48833354359149,13.235469253720096,52.4373033417411,13.249085860962877,52.40094239927194,13.337770777208469,52.43848437873844,13.467300068552236,52.416386759143606,13.568837255513042,52.4393823158921,13.600642065718883,52.538578008293534,13.624585155470484,52.59996650610365,13.653351046287503,52.6739334226679,13.487452474438706
52.60450479536725,13.354306998079473,52.599132402807506,13.243859851214957,52.572540202867245,13.20063757877427,52.543856853745744,13.20172922731627,52.512995500288405,13.242799075704804,52.43443092969994,13.274172078145243,52.40807087405402,13.234033684845757,52.39408654209683,13.238011081443885,52.414440974193376,13.36816788213495,52.39532379159927,13.433669662468569,52.42737742207182,13.585723712401988,52.48277065516254,13.648539587871685,52.5524251419131,13.604967176378025,52.59188831052929,13.556607629632847,52.623734910468066,13.453955801014727
52.6352756696745,13.239681959841903,52.545039146517425,13.142044336429507,52.53814420789448,13.215104817622557,52.467038475278066,13.153715683450732,52.42922071945647,13.167300452550565,52.416583620977455,13.262785320357784,52.412153987412964,13.398779501893253,52.41508958714218,13.544139343294411,52.44129939281017,13.63721753341122,52.55472781767703,13.619265116922467,52.57776017788281,13.518322183564353,52.65736752175345,13.515442604157151
52.6155540958677,13.362784300955811,52.572349247540174,13.266916560841992,52.515208531090686,13.25737557094353,52.46974565161114,13.13671614888252,52.40500509438103,13.263010955154522,52.411586493002886,13.333155643781854,52.379791592978904,13.457980216812585,52.4217769840699,13.634471032341615,52.43884487303118,13.63492241090097,52.50272082048836,13.564997953468502,52.521891871564605,13.59706930011631,52.581291269645256,13.513196955534527,52.607969938608285,13.435744397348897,52.636918808769444,13.404954000000002
52.64320829731829,13.31452857526434,52.61812285016158,13.212050353297345,52.51274047272036,13.183598597074642,52.482979742221154,13.23843367974388,52.43038324133783,13.28170257401885,52.35172183681472,13.356377041250777,52.373780010827105,13.478170297959267,52.414602493632685,13.6257096334399,52.447670023553286,13.574171118264006,52.52552281762241,13.582089751702961,52.53080125064957,13.61113335737747,52.59026687362138,13.55864669474771,52.61200398133159,13.54636656711409
52.613434021301686,13.316086717374375,52.605192754441845,13.161288580753528,52.57470195570858,13.202172304335944,52.505848750327246,13.25902355746774,52.42928156101433,13.184855327166426,52.41577938298932,13.201641530895111,52.41176859320966,13.227726213405498,52.394042135459884,13.325732442376982,52.41210480356003,13.408041715880172,52.430566493909566,13.42037161754589,52.36517701847019,13.482462033505245,52.41227422675629,13.622654430798015,52.47783198202792,13.661677818588842,52.52240925146779,13.656184869508659,52.6281592598461,13.60314461307664,52.63308056025705,13.526009804770485,52.63903335479935,13.472502307458477
52.63343689587005,13.358351685515586,52.57280746520545,13.285239752143164,52.57702323391809,13.220350836943592,52.5629095596132,13.210326420097351,52.475112167409776,13.149485613858154,52.45900260890025,13.190931484938682,52.463208216863876,13.237124758317336,52.43869140726265,13.228226916889831,52.4541920448101,13.304307391390845,52.43029346282371,13.39466520467561,52.3495505188537,13.385441036470136,52.39233283201428,13.568267051326197,52.4444308081013,13.588432565466857,52.477974127804764,13.584157259655491,52.49998540302371,13.66888592686503,52.50560255938005,13.669889984541248,52.5892036012766,13.629177381695046,52.58886092872132,13.500105277114782,52.65037471105961,13.505190384872257,52.67056095690129,13.448734088195826
52.587839971466394,13.307840427088525,52.56076218963277,13.273143540605096,52.55244668004929,13.189684515020913,52.5164433232062,13.242489383492465,52.472601890268926,13.13530824683753,52.41577938298932,13.201641530895111,52.39771080607613,13.31152135729609,52.403538898042285,13.388252489389265,52.39600933360065,13.440783481427507,52.44913068056649,13.538591119416639,52.4444308081013,13.588432565466857,52.46408019040439,13.670132235744326,52.55060714156731,13.666283403963755,52.61812285016158,13.597857646702657,52.67100287222575,13.444394574098204
52.64276050174901,13.20933688612209,52.61812285016158,13.212050353297345,52.580390719443315,13.15795095382445,52.56446257967331,13.164433876406038,52.48607427058005,13.252299654509471,52.40500509438103,13.263010955154522,52.35746733087429,13.31849722595618,52.36109245237307,13.455532971942294,52.404321873519706,13.51883594499312,52.40808929446086,13.553394805254927,52.444179841324576,13.50927632423076,52.45284494945187,13.562102630386622,52.49157713099588,13.591262488944539,52.550684262633034,13.543934892272572,52.55506822564914,13.541110611145776,52.57602990030533,13.622908897993396,52.5952985014712,13.589063723845582,52.5950649887888,13.5523908657575,52.62556156633092,13.44191732071549,52.64560444562258,13.419429121651792
52.688766229017084,13.360855440383798,52.61015688271996,13.239863095806863,52.54216483772687,13.216252589898764,52.46432757520912,13.253122166291144,52.40351521129808,13.26632468082126,52.35657387072063,13.323155902093601,52.368257971502906,13.435468938904124,52.40351521129808,13.543583319178742,52.442380333522614,13.5677185129457,52.46458216163191,13.521272962586854,52.47590349602406,13.614361321214973,52.58373028479301,13.665699354772832,52.666664711579585,13.517761947519375,52.636918808769444,13.404954000000002
52.616381106313334,13.271658483802693,52.55599389224473,13.222071690835573,52.54781462416645,13.23353220071572,52.49195203800696,13.23375003256252,52.412197683960585,13.271860694493094,52.42258117255464,13.376785292490522,52.41975286827669,13.503686229948977,52.47600206603461,13.566815169305734,52.49870234427118,13.623814265746446,52.54167684740495,13.54843166468005,52.654116253862696,13.554174544898597
52.59230453424091,13.293894093412923,52.59566322720129,13.239418391339155,52.5044853787678,13.199652777138338,52.45977988760713,13.295269710159268,52.40761237366762,13.352129185842937,52.436036300709134,13.457818706212292,52.41152533104351,13.602169734119222,52.46358476879273,13.622351761147602,52.542243412812695,13.668533569870611,52.551538773844186,13.650895389280254,52.605315764046026,13.613659455055002,52.61036135739422,13.471216241547447,52.61509169138099,13.449863452910261
52.59791895454165,13.304683875595222,52.5355342462217,13.259350809921383,52.44572463612274,13.202596967514665,52.42636076041737,13.266794599616835,52.43265333886941,13.30091327917283,52.37631209837591,13.417289833383506,52.43245288800066,13.553500945720103,52.484789785675645,13.540892978426015,52.54935592601262,13.681687662462497,52.56172308204589,13.552438696329009,52.585248254699984,13.59914193890924,52.60259219300716,13.651022921724053,52.64505330842461,13.48823980119334
52.623259235160106,13.262114931395356,52.61189632440744,13.242476067256781,52.598258333857174,13.171859174618957,52.556742450633486,13.160957930998364,52.497185675943676,13.141644619267499,52.43432280857719,13.16223443841018,52.41466216182861,13.244063784233173,52.43345879943111,13.326290147556831,52.38910373527691,13.351480239757121,52.38715194399079,13.366572977139239,52.38611120534341,13.378018159564746,52.35812911093462,13.404954000000002,52.379249769386675,13.453963038514788,52.42490538453076,13.449669458477313,52.40147873779701,13.585901417289428,52.45848314015379,13.666750778420967,52.56496988983604,13.598324710317208,52.59326078477416,13.642389014359898,52.583572128976535,13.5663265730388,52.597867474984845,13.478983756434703
52.6230828374673,13.285992685477035,52.571066411105164,13.2157068037636,52.51543280705442,13.19818549898722,52.43566068705759,13.251480025646234,52.43720998836272,13.347313697414151,52.42490538453076,13.360238541522689,52.361653694731444,13.460067195194556,52.40024703380961,13.468720770923252,52.43848437873844,13.467300068552236,52.458600334012296,13.602210738306077,52.55060714156731,13.666283403963755,52.60614650102742,13.511899551564388
52.58886092872132,13.309802722885221,52.574772314348294,13.235095949931257,52.530237326461204,13.243230120620552,52.516692727004866,13.124202949761443,52.48330953796378,13.145953611564899,52.44497199902882,13.27759187555524,52.369437000070974,13.361472964688021,52.39417845412274,13.397753354809812,52.42908800344314,13.525619601893737,52.46712282268859,13.608780749660426,52.53390278422283,13.625505128953897,52.570233074922946,13.527623594492264,52.649180034708984,13.565530150814888,52.67480921279058,13.524051243959459,52.618871977963764,13.41064064752899,52.663876469525896,13.409094629453037
52.590839552706306,13.313814068842202,52.543834287703724,13.247120790788435,52.48192449777305,13.271120347357401,52.44363089469139,13.279761597587868,52.394042135459884,13.325732442376982,52.36437742286687,13.478024415782045,52.411586493002886,13.476752356218146,52.452402834791414,13.596653255125156,52.521891871564605,13.59706930011631,52.52507686785335,13.656085322386868,52.60477584107899,13.577577125721826,52.64667066777214,13.545860522338211,52.602939689041854,13.4936671638493,52.68993840778589,13.434421152021606
52.66482023397199,13.255652539237,52.583572128976535,13.2435814269612,52.552155507755785,13.26687247598748,52.47813403438888,13.194309488161633,52.45023066677298,13.148823514791859,52.411586493002886,13.333155643781854,52.394042135459884,13.325732442376982,52.3761373869258,13.400840401239174,52.40453077470898,13.434931952326579,52.40329601399587,13.60978498033702,52.46974565161114,13.673191851117481,52.55208839480884,13.589782257412157,52.57386673918552,13.55873783713789,52.6268333788889,13.563572795507591
52.62222370705241,13.311587215383751,52.60250513626467,13.24849864194702,52.56550635870143,13.244047707673639,52.540471044573714,13.230774832342853,52.472591664215855,13.245718820545626,52.428928748667694,13.341561583357274,52.42114175072502,13.410615110844901,52.43848437873844,13.467300068552236,52.44497199902882,13.532316124444762,52.40997875644583,13.619533400773934,52.460757748381866,13.587404003227967,52.51985144041783,13.597089640639776,52.563740195939594,13.614780416022235,52.60776739371096,13.646141261806553,52.57380716749,13.541469587725759,52.636335963330446,13.544319933515245
52.67251795380278,13.387366247834034,52.61615869997616,13.228832884240912,52.540157570219336,13.215649832421901,52.48536311329817,13.160331157262855,52.42422929938007,13.172654219392822,52.415756790254164,13.359159401798099,52.42382358201551,13.485296314499259,52.448373165124096,13.59265669528456,52.51977135970634,13.641428347271173,52.58866860086374,13.522085056251122,52.68099483215387,13.432864536847061
52.58886092872132,13.309802722885221,52.6011400938719,13.26648696850971,52.56379069391671,13.242769068976985,52.48960297766689,13.219492912716333,52.44377791367161,13.170465713847952,52.45348352151054,13.265406408407163,52.44879239816711,13.292201404673415,52.36437742286687,13.331883584217957,52.36057944584015,13.3589244922078,52.394789731543305,13.383386846072636,52.40167394074061,13.475533375472844,52.42703455778537,13.460441134561204,52.477714730741546,13.535325592762542,52.48445833602907,13.556609837567866,52.53837675692476,13.654440900168197,52.55875043489552,13.601916585377774,52.615290638272896,13.562057388837745,52.67230787156093,13.4269285374726
52.653588394365755,13.374005793109879,52.63230203644247,13.213093851969857,52.63230203644247,13.213093851969857,52.59028796027372,13.233137923853057,52.5395267935456,13.200494558520601,52.48335155192733,13.270047188953262,52.406272808661576,13.237265406026413,52.449104668042814,13.314107628534249,52.35006833071421,13.375713932026803,52.394902564421486,13.487766922701946,52.42174755911988,13.577515393188005,52.477727663571514,13.568054628359594,52.50279131536879,13.66942818825106,52.5675974993598,13.530428974208364,52.600146667428106,13.523845598172453
52.608829688444104,13.38178659762098,52.60477584107899,13.232330874278174,52.53837675692476,13.155467099831803,52.46823582386309,13.184444837340369,52.42636076041737,13.266794599616835,52.349161818629725,13.409835914915709,52.37324275424854,13.517011023466038,52.43432280857719,13.64767356158982,52.52462187881053,13.552564053577672,52.60250513626467,13.561409358052982,52.66282239841523,13.433867126999775
52.64388901746946,13.233466270176914,52.58933227379619,13.214623220383599,52.491762076616816,13.188242068733775,52.40652994239559,13.259740128768435,52.43700823463952,13.316575268642323,52.41923933792778,13.341540528941904,52.40944827406479,13.467350455590458,52.45248059137505,13.523672701099928,52.42922071945647,13.642607547449437,52.515208531090686,13.55253242905647,52.51985144041783,13.597089640639776,52.605315764046026,13.613659455055002,52.613530945702784,13.457996763597052
52.637798208132494,13.26895248694627,52.58196841464013,13.17509657326541,52.48330953796378,13.145953611564899,52.411309614969504,13.25019491103175,52.4360861262378,13.293552680291992,52.390318808438984,13.344026185978155,52.39457971602945,13.422936588685674,52.411309614969504,13.559713088968252,52.45967885887587,13.56942113556905,52.53302834203087,13.581040775271644,52.56701003875947,13.644168025147232,52.58514494797614,13.615968195540601,52.59887187856094,13.526128426834704,52.619152944927315,13.53263241664398
52.636335963330446,13.265588066484755,52.540471044573714,13.230774832342853,52.540471044573714,13.230774832342853,52.52980980286759,13.16900177817002,52.460045162176264,13.173987409052527,52.43175831345214,13.164731078542502,52.464612196666046,13.270341424108596,52.43355168183108,13.364295605528797,52.38855574945845,13.454675953234707,52.457487322926696,13.51111926059072,52.5044853787678,13.610255222861662,52.574563768425726,13.639812787507303,52.654116253862696,13.554174544898597
52.63825783041588,13.22302871869023,52.567429323688295,13.22923905873877,52.49928751125262,13.230938034757056,52.42157893836672,13.212911426734749,52.43661046494677,13.34969312684885,52.376464913252505,13.388512010932828,52.430129511812844,13.41010151423212,52.398965660300206,13.461831108019677,52.452402834791414,13.596653255125156,52.53080125064957,13.61113335737747,52.57206140507511,13.64133693702541,52.58352953429031,13.529675421845727,52.65143728988352,13.454974368613014
52.67838909756669,13.299378197334764,52.591946771335856,13.150031723691118,52.52818155038722,13.139233955250646,52.44627968462568,13.168312016896524,52.40586617255715,13.31773407434789,52.43203610344184,13.435621340104307,52.39660565036203,13.526406828652926,52.37500713939486,13.553273795742609,52.48475375766037,13.572513481601623,52.49583123096916,13.6529795445391,52.5843999659831,13.633002995181739,52.608365023685785,13.506886571006758,52.61779072383889,13.480075339434979,52.65519307370291,13.486083090001198
52.61856873885548,13.25341781039026,52.53302834203087,13.228867224728358,52.497185675943676,13.141644619267499,52.40652994239559,13.259740128768435,52.43608231762532,13.31896565869065,52.389691480753214,13.347744576661974,52.37231399752587,13.3401421802629,52.43548766955118,13.455406528149387,52.38708408323749,13.581143572639077,52.45056063003704,13.540602601658307,52.48568316524024,13.588551439542572,52.542286568363586,13.638636717576496,52.58084226764662,13.533243947137256,52.61207565105919,13.52349336573062,52.61436349356094,13.491123254253537,52.641609789645166,13.458656478213454
52.61688251042798,13.297275276622912,52.57549164896567,13.252737496890544,52.54717153771351,13.248578426288251,52.48335155192733,13.270047188953262,52.458600334012296,13.207697261693925,52.412197683960585,13.271860694493094,52.369437000070974,13.361472964688021,52.38641758258105,13.374193429748606,52.414066363854154,13.438713825948904,52.45977988760713,13.514638289840732,52.43432280857719,13.64767356158982,52.51610832259019,13.582186804226916,52.58472009179686,13.582577346372686,52.622159492519366,13.592108351730474,52.64580172843298,13.519928894269809
52.63483821461794,13.26226643702532,52.53707714222166,13.244784840240625,52.44336556588856,13.187739356959405,52.40108827930847,13.24726067011498,52.43915885967429,13.340283021900978,52.43172380326783,13.433098462799729,52.43404370591277,13.555987328513664,52.48093719587173,13.601568037109683,52.5464127363392,13.682478510041607,52.58084226764662,13.533243947137256,52.594618893640195,13.511795458833426
52.63173805557254,13.25575559882688,52.59188831052929,13.253300370367153,52.52535854228352,13.139048476812347,52.52240925146779,13.153723130491342,52.464668345921766,13.219213016800952,52.38708408323749,13.228764427360924,52.40652994239559,13.259740128768435,52.386764530372986,13.370377984962866,52.34936916183374,13.419593865696068,52.44231303490084,13.527938743898297,52.50156628648011,13.594645182357379,52.50613006971798,13.565897809467659,52.52800751850719,13.59665719748383,52.57702323391809,13.58955716305641,52.65266671030912,13.582211902983232,52.68578296717524,13.473146644040039
52.60889908436228,13.3335405033062,52.585248254699984,13.210766061090762,52.538578008293534,13.185322844529518,52.487414945780195,13.174710044886647,52.43700823463952,13.316575268642323,52.43203610344184,13.374286659895693,52.38029605978321,13.506824847338205,52.404321873519706,13.51883594499312,52.45284494945187,13.562102630386622,52.50485770740897,13.580524009979898,52.566257771110735,13.53177435600103,52.64674557079671,13.480997835748356
52.626729706477064,13.295038154963366,52.570568233784215,13.248177003534458,52.57602990030533,13.186999102006604,52.54169510176699,13.201080796399982,52.48796619258943,13.159368239579992,52.45277226614444,13.179472205418714,52.448373165124096,13.21725130471544,52.362668803681565,13.295622351707557,52.36153164003047,13.300136909051513,52.40655889530112,13.451316270201062,52.38708408323749,13.581143572639077,52.46499913761497,13.57438816262618,52.49151338102003,13.606436157748753,52.516692727004866,13.685705050238559,52.61015688271996,13.57004490419314,52.62476036518951,13.54480519876444
52.60817434589984,13.278647736617343,52.56664254332778,13.1811243051148,52.50570152985,13.184544400947459,52.433261017045915,13.216468323138553,52.36437742286687,13.331883584217957,52.3775113382916,13.437758653089064,52.424187408323824,13.5149190422242,52.458829253524044,13.585675228784162,52.52240925146779,13.656184869508659,52.54167684740495,13.54843166468005,52.60198494892586,13.496035777613933,52.670055542399474,13.50495411403945
52.66937581526715,13.268347686260762,52.63191868417313,13.1924789418528,52.5952985014712,13.220844276154418,52.58527614649859,13.245428760198553,52.51474993945197,13.168650715266772,52.491608181494655,13.143129722880403,52.43401080347447,13.179784094711605,52.43915885967429,13.340283021900978,52.420647229994515,13.335811630328445,52.39417845412274,13.397753354809812,52.40309519123056,13.404954000000002,52.4048666682577,13.438230915546528,52.44066367394549,13.565468117508669,52.50275848028644,13.54997871202589,52.49955469189809,13.59408329306919,52.538578008293534,13.624585155470484,52.5892036012766,13.629177381695046,52.62476036518951,13.54480519876444
52.62140175711733,13.344154146808233,52.619483285532034,13.194839615103959,52.5310021586489,13.139500418074284,52.524220807943706,13.198144134476461,52.49928751125262,13.230938034757056,52.484899717212556,13.190983244156781,52.46499913761497,13.23551983737382,52.44321753216812,13.260199878692172,52.442895726951214,13.328966234425412,52.433996597178904,13.361826738805764,52.38543636035318,13.389536501024025,52.419928073281994,13.47124194766056,52.44058054278447,13.583986046626444,52.464378551912255,13.654629176505875,52.47835704835271,13.677169529573693,52.58730050525944,13.597242780439817,52.62513263318689,13.566616848652428,52.626872761550146,13.429697456588343
52.627666294803696,13.27120633324256,52.54629696390965,13.157367572592353,52.51073299892995,13.12458303249377,52.472325026537625,13.229619028781876,52.4444308081013,13.221475434533144,52.40329601399587,13.20012301966298,52.386228754264856,13.283512729449871,52.42469139987365,13.321870377494761,52.403379227967434,13.391586730933026,52.35226323527922,13.458332242063276,52.411586493002886,13.476752356218146,52.437834689367676,13.464956273119137,52.39622910342697,13.552223329784345,52.467585778467345,13.559888690012055,52.53302834203087,13.581040775271644,52.583353053433406,13.548645677476642,52.65194840575319,13.451186016211883
52.62899871255618,13.301238637830892,52.5950649887888,13.2575171342425,52.56938604288355,13.263999899833397,52.48416328150061,13.130499398347894,52.4750075053507,13.260245199606032,52.437316488204274,13.211608412616215,52.40807087405402,13.234033684845757,52.42323857829428,13.371226660509594,52.41484766564885,13.444755284748041,52.40108827930847,13.56264732988502,52.43498799181557,13.576911273629701,52.47600206603461,13.566815169305734,52.48093719587173,13.601568037109683,52.51046976756566,13.581597330954077,52.55459543439492,13.63458607388723,52.60817434589984,13.531260263382658,52.61857355311294,13.477253637599476
52.60395405635304,13.35188685003446,52.59333188403249,13.218713366770057,52.50181760713592,13.12579291385832,52.49870234427118,13.186093734253557,52.45313324222261,13.30620873940323,52.38510875911217,13.404954000000002,52.420647229994515,13.474096369671557,52.41366712903716,13.585255616706627,52.46498652648079,13.639227733776975,52.5367598236861,13.58019384403097,52.56701003875947,13.644168025147232,52.598258333857174,13.638048825381043,52.615724235782146,13.51539951163173,52.67100287222575,13.444394574098204
52.61911003518882,13.302907050553005,52.626071568738475,13.223778557144952,52.57136742002145,13.183926588434392,52.526796829524244,13.242748127413252,52.42571703329135,13.207386044179136,52.42536975331195,13.292261843300041,52.40761237366762,13.352129185842937,52.37829449946771,13.36402245942157,52.422042206770286,13.382378016504628,52.40422996532062,13.378284070854512,52.36714553138075,13.400584191599997,52.44455629561967,13.485312068251286,52.42359502649856,13.580304840945475,52.490982242711,13.560324352621002,52.522282667563154,13.641405847235253,52.57113192225401,13.577846184390882,52.653387647649936,13.493809114688217
52.63483821461794,13.26226643702532,52.58095162975133,13.14242641242215,52.55502324510004,13.237126296882645,52.48018960591787,13.162479675891912,52.46173563176988,13.156917727482687,52.4448341503179,13.152990262040172,52.44169200301088,13.262422951401703,52.388047688735874,13.358998864444949,52.367702086980856,13.383131295763055,52.367331124507395,13.41805815641659,52.403964331003536,13.42830784592132,52.36362507310299,13.473564774941538,52.461787340479326,13.536307357785434,52.48475375766037,13.572513481601623,52.525073266548,13.567326751240296,52.56366904485838,13.583276924004482,52.565556108643946,13.581999981381815,52.631777750987474,13.529240967610482,52.658519877595225,13.511474994979757
52.64360108178819,13.256853101114865,52.58958636420096,13.197799665954483,52.53517315570239,13.199509321151869,52.48056471557302,13.147052723241668,52.472601890268926,13.13530824683753,52.46095384926735,13.293559840501992,52.36057944584015,13.3589244922078,52.42114175072502,13.399292889155099,52.403538898042285,13.421655510610737,52.42181734832584,13.424722951167055,52.43355168183108,13.445612394471203,52.370952269941505,13.508550783740215,52.42451625426886,13.561376659487111,52.49513334060337,13.546945299138534,52.47835704835271,13.677169529573693,52.51967471080429,13.68576687554208,52.594642980190926,13.657778387444418,52.66937581526715,13.541560313739238,52.607969938608285,13.435744397348897
52.63825783041588,13.22302871869023,52.56435068456283,13.148966167886794,52.47472962494836,13.211980074862979,52.480509056797516,13.272234166755625,52.42547183680974,13.226866774338733,52.394042135459884,13.325732442376982,52.43094827444733,13.384426230024635,52.355730018004294,13.48206878125406,52.41992999370467,13.574673733060841,52.46680683004373,13.57594166607161,52.548922236540605,13.651755571046191,52.545989991423404,13.577144164395307,52.657203173418644,13.546372847500566,52.67268141820105,13.418149553270995
52.667840272755626,13.296382359405895,52.56636271208319,13.261255548826945,52.56366904485838,13.226631075995519,52.544157477448564,13.23204801398642,52.468646456619005,13.216147478697035,52.426513704265524,13.316464017224755,52.40373395203646,13.42498470495026,52.39901728261978,13.6029748888364,52.46214579080804,13.518024233979048,52.433261017045915,13.593439676861447,52.525073266548,13.567326751240296,52.567881663934514,13.5473020268608,52.637942824769425,13.512723603103135,52.6676643624485,13.47020300530125
52.58465428667282,13.302134201894445,52.54723555339802,13.17267914582163,52.45444888894838,13.211343348588406,52.429615791086434,13.33896381081886,52.40944827406479,13.467350455590458,52.42782946091998,13.605195372873462,52.487700563227385,13.558560461308673,52.54963081886119,13.575555118619738,52.59347291424227,13.51392136244548
52.6262820583851,13.374081667655208,52.59214528770536,13.272935593766565,52.58289417798471,13.192106432540559,52.484899717212556,13.190983244156781,52.44913068056649,13.271316880583363,52.390617934013015,13.245320131163105,52.399588054453424,13.344622946953042,52.43029346282371,13.41524279532439,52.44058137150462,13.474215324727002,52.447670023553286,13.574171118264006,52.51440574875369,13.656024331121355,52.566257771110735,13.53177435600103,52.5950649887888,13.5523908657575,52.615724235782146,13.51539951163173
52.62121659895949,13.30866399753361,52.57656778886479,13.236691150665548,52.50102980289417,13.185510476767327,52.45391688191199,13.16228380184077,52.446338251399936,13.255885986924477,52.38373113353952,13.291239138154245,52.39783136862673,13.454872718486353,52.408799817809005,13.50184995902442,52.446308664798934,13.489584969630526,52.47678582384328,13.599200415847328,52.49429938465096,13.561899324972092,52.53707714222166,13.565123159759377,52.58679833183441,13.504000149610226,52.644357495037774,13.437414692553713
52.65868402277058,13.267501827160336,52.56954323861673,13.167119173328825,52.52730265394483,13.168763242919352,52.48180531100762,13.223443367922584,52.45038802115083,13.18143798329206,52.46836235382481,13.28402785279506,52.46214579080804,13.291883766020952,52.387306633597774,13.252821961343807,52.42108162334893,13.404954000000002,52.37631209837591,13.417289833383506,52.41810911037207,13.55006301462881,52.507232262658086,13.640461274370335,52.57947062412602,13.53496961648104,52.62499882513834,13.62676937865533,52.64414975913391,13.491822956299513,52.6739334226679,13.487452474438706
52.60726907220633,13.300498934576655,52.593943095500535,13.201913112437714,52.49355998319472,13.21785475016001,52.48018960591787,13.162479675891912,52.4591105167702,13.158631884547766,52.40500509438103,13.263010955154522,52.366916968989514,13.318642148562557,52.41372394792224,13.435677324485015,52.39233283201428,13.568267051326197,52.47600206603461,13.566815169305734,52.55699842973398,13.618241313506708,52.58514494797614,13.615968195540601,52.574772314348294,13.574812050068745,52.58958636420096,13.612108334045518,52.59214528770536,13.536972406233435,52.6026225490956,13.519171405253779
52.65098392523138,13.275160915845744,52.586811940861644,13.178783207564587,52.521484509553225,13.257174441462348,52.48192449777305,13.271120347357401,52.439529388019565,13.157462412863794,52.459568737601025,13.25812072752242,52.415598020247245,13.22163307747428,52.376464913252505,13.388512010932828,52.350404629639044,13.439045145515355,52.404957283139595,13.488894546553167,52.43700823463952,13.493332731357677,52.426191913519894,13.564088843092096,52.4569194098256,13.583891634731803,52.53243284260391,13.551354155367285,52.583353053433406,13.548645677476642,52.61036135739422,13.471216241547447
52.671094569154775,13.309286472779387,52.563536480564444,13.275559534401943,52.545039146517425,13.142044336429507,52.470460891189454,13.26431693420557,52.44336556588856,13.187739356959405,52.44169200301088,13.262422951401703,52.377242830153534,13.315203743108754,52.39440779859367,13.419346592410536,52.418581232296916,13.465473810398922,52.38656021646689,13.49327108333008,52.444120631054105,13.569919590959325,52.50272082048836,13.564997953468502,52.5801065500157,13.569872587610737,52.65086555775259,13.561792766532903,52.59706943915351,13.481208898713732
52.59624789560194,13.326497309610044,52.62733839317331,13.186185247553373,52.57306835822144,13.217197570462318,52.56392129244171,13.133436127191692,52.46999512143604,13.167657475995153,52.477714730741546,13.27458240723746,52.47228410238383,13.279750951889053,52.37923545853724,13.307094232167662,52.36749345729804,13.387487937012272,52.412197683960585,13.538047305506906,52.48568316524024,13.588551439542572,52.56435068456283,13.660941832113206,52.61247603980093,13.496492067786717,52.608283494166315,13.43321179917938
52.61526417162812,13.321509191904493,52.56701003875947,13.16573997485277,52.467038475278066,13.153715683450732,52.449478042800905,13.233687733188034,52.46582585163756,13.287063374832922,52.394042135459884,13.325732442376982,52.43008850854388,13.402379853225858,52.411586493002886,13.476752356218146,52.41466216182861,13.565844215766827,52.51224135630669,13.64106379893556,52.51440574875369,13.656024331121355,52.57407072925304,13.523135450827635,52.6298499123535,13.470833218651299
52.609502210814654,13.281199037801677,52.53980161806972,13.170674188675086,52.53735259048852,13.199970683271545,52.50358354204362,13.21475863681424,52.475064866782596,13.164922805548882,52.39488575351293,13.213982476604409,52.35285553953796,13.346790549366238,52.36749345729804,13.387487937012272,52.433771485635745,13.511480761010315,52.42547183680974,13.583041225661269,52.462704309375155,13.589077426393882,52.472591664215855,13.564189179454376,52.55875043489552,13.601916585377774,52.62015643610111,13.595012144551823,52.607629536138795,13.438267559903965
52.63825783041588,13.22302871869023,52.54014989687668,13.26087887289665,52.513733201030824,13.213108391514984,52.47065932341573,13.214700443186036,52.433261017045915,13.216468323138553,52.419928073281994,13.33866605233944,52.368605058756415,13.37010608842387,52.408799817809005,13.50184995902442,52.410800689151934,13.534940454427625,52.45315798716134,13.580162196398454,52.45571239511681,13.66494066442186,52.531595586133555,13.685158861496825,52.55945088802688,13.63247322923503,52.558565917956955,13.570676079835584,52.59815017608165,13.547993550399827,52.590839552706306,13.496093931157798
52.63678036179599,13.293810636741176,52.577099666063525,13.254351373333156,52.490013534589345,13.1285938826849,52.482632828309534,13.192027414357783,52.41814288016751,13.238127273285627,52.40244143717484,13.330999798228035,52.42361145307674,13.441445766255573,52.44058054278447,13.583986046626444,52.53944099155554,13.669123066921369,52.563740195939594,13.614780416022235,52.600146667428106,13.523845598172453
52.64061440102029,13.275805572461374,52.6073744022164,13.255814424903303,52.56901242190432,13.182491451521567,52.53243284260391,13.258553844632717,52.5230536442277,13.257236691346735,52.47910565901535,13.273388304860827,52.43127260178301,13.218984267551528,52.36906383066494,13.273570702264205,52.429615791086434,13.33896381081886,52.36721513754643,13.413692299507984,52.387538724091364,13.53020407243826,52.385233240778845,13.577312275207769,52.458624261974634,13.512895146413289,52.45391688191199,13.64762419815923,52.475329213436765,13.62962719841237,52.52535854228352,13.670859523187653,52.558565917956955,13.570676079835584,52.58990200985366,13.520096375446307,52.62790911569456,13.408056920545267
52.62049370233731,13.280143299586426,52.55323567953967,13.236150197404335,52.509735209738835,13.169109568875186,52.49295294825439,13.127766989884316,52.48180531100762,13.223443367922584,52.44542113532135,13.322446978638027,52.42444498231817,13.362967342476399,52.412153987412964,13.398779501893253,52.41966559388857,13.552959454350482,52.47228410238383,13.530157048110947,52.505848750327246,13.55088444253226,52.545547092384616,13.622703254383392,52.57087538915974,13.544471092647049,52.60776739371096,13.646141261806553,52.61911003518882,13.507000949446995
