5081.0015533643045
3461.615762726205
3102.4913994070944
6190.937665378527
0.18753778611529165
9358.50541716953
4002.955420327238
2675.7886766098127
3333.9522802253864
104.83190785952115
427.1945432551899
297.12560197067
6157.542820581457
7061.011949511804
0.021572946617312877
8352.474004873022
375.36331905570165
0.5266693475082365
1.8932843432798048
0.7533916258794935
0.016401376687783378
0.01548404058442415
0.07648562928179284
0.00977175984908396
0.10481453710620127
0.08320634637933555
0.1571742963551424
0.005433485743177772
0.1181416882893934
0.30179604998181747
0.7144392451272702
0.9851665808858702
7102.906171695828
52.045964444258196
5087.185041684931
0.009416271873387153
1.4875327277583845
0.3498020781000018
11643.371883048512
0.35931737630700267
1.239456454414297
0.007167751931598377
895.5390358775513
0.8860739925074126
0.13501821754328686
17.657914050237164
0.44992804301003886
0.9803401210903717
1.6140585393969378
960.5489979383412
960.5489979383412
0.10176345212923292
0.834427755422057
0.39747074319555775
0.05405922722232144
19.569453602200166
16.622063322938935
3.5440166467767535
0.10012817880332317
5088.680391392038
0.6585649033322752
0.06609267237302933
34.75052973077289
4290.728413869967
181.4878189879205
6020.356080934807
59.055465358017415
0.06860172395530244
4.029533366618587
5.6649886264742575
10.148817514033443
28.736528307236625
1.9212494743777366
82.65857553153636
0.40656719036740047
0.09288125041709895
1.9985920213620552
1.954822119431674
5.479566648039884
5094.15782071843
5094.15782071843
37.251101380130585
2.6092778816898536
27.491116813865407
31.755092753747807
17.418331748195417
6871.86161106245
17.44867257887809
7.894087914206196
4.4273135037085565
1.9761268855443919
5.860926976966151
2.962770109479824
19.94275020835078
0.6455287221449195
6687.502547923303
1078.3628817687982
7339.716550620698
1165.0667724751481
5464.176918154077
2774.495612107635
2984.7689214796333
4820.163322499801
4820.163322499801
4568.664599303341
4667.2269826726415
5681.851601233957
5832.38077192552
9004.694702771494
9004.694702771494
529.1136571024339
1337.187311764307
707.8639428936527
1.0841807129587346
588.0093362720954
1062.9754572393804
1895.8090640619696
1927.235987905948
4444.838861628311
939.4125964609979
7709.291463701097
0.016529882160335473
1543.9993460178714
10.020921552720637
0.4460476045121137
3139.359181158432
3139.359181158432
12.141364931633566
0.9683533984942672
1943.175817340048
3404.7185219969574
4705.782844038839
3164.617582677696
4173.62208825167
2950.2732795787138
1646.2107157427745
4336.286089960674
210.7378580367538
994.5774251720796
3343.7909299846024
2000.7106927582004
2.5768402820420997
2029.423646958389
4024.224482739752
3216.168290820515
638.0694513075733
1009.8647091609058
1009.8647091609058
355.4518572268803
1624.2510874433412
1624.2510874433412
4411.779984702359
2834.2132708285053
4882.507433948781
0.2535813835064866
11.42581330103825
1407.5205643934148
2888.503212555891
2144.93888835609
7.618605101279024
4146.461088837612
134.8676551336634
126.64956536468654
0.006527753174483933
49.10986336420996
3332.9953175235955
3332.9953175235955
5553.119246653386
5124.988887794177
4387.826333410144
6080.521469164409
3887.5048428106384
3887.5048428106384
4846.070647466909
3542.7373405858893
1244.4479054233534
7151.436029223726
5343.060653637997
4074.7581526638946
6214.4878648986005
4057.3580012244443
3882.1960100995843
8210.425580740079
2916.3074653080785
6477.51460965974
6477.51460965974
0.052858468523365065
74.08938245770211
74.08938245770211
74.08938245770211
120.8466189140873
51.069986493307724
69.61214375216238
0.38850566913125784
0.0019688599469701775
268.3158775196407
451.4980662023013
39.17605133421834
87.60620720112047
699.6387302008335
375.97936441238596
673.5599173308888
1712.4377507820202
530.3776542612236
1345.7429420556314
1226.3708030901105
98.04776854340007
110.80912059328323
88.63363278076994
125.52966601081262
748.4012991944024
764.731560443121
93.08239051060087
964.5334552717666
1222.4559895875957
49.051644429496285
140.6696986163043
118.9525912722058
346.3256998478235
375.4535534577914
1295.357676381643
886.345857905766
1605.2064392888194
1076.0839822619203
742.5328634510696
0.555924380483624
964.4692605147056
439.43886548296325
10.192139701542569
0.07915109448315033
469.90505601640825
0.02126194543399249
0.020862895540319792
1268.2431761554155
1268.2431761554155
1268.2431761554155
34.36362033972365
143.8215214182628
1145.5470573128657
1145.5470573128657
1145.5470573128657
1145.5470573128657
1145.5470573128657
0.2955309636390141
0.0760139102050808
1070.6859837833713
0.18753778611529165
365.577682446895
759.3640249076553
35.950664264167266
29.959339923222245
759.3640249076553
932.9586398670227
975.4548615082108
3.413364721297797
839.2750198278741
497.4724212878249
548.4959102299324
509.08835432289095
419.1536427497172
187.355491307725
998.7012158819217
101.7351255812085
298.73933038188517
139.4496566659446
14.962439196505532
474.09611681242393
155.06738159937572
438.5765701778338
348.6894300274812
370.8387319873294
333.63389417900316
0.356874795317269
176.4202833788111
270.85522082802254
270.85522082802254
315.52286419107395
292.9721966678164
754.1054484490071
754.1054484490071
535.849361993104
0.3498020781000018
27.195756166308094
48.258666198056524
988.2269047179769
988.2269047179769
10.845364817103738
10.760986266343107
0.13501821754328686
0.39747074319555775
633.4544306154978
10.341675732243408
0.5266693475082365
0.9851665808858702
26.140735678277352
375.36331905570165
0.10481453710620127
527.0586337315647
10.405954136335065
0.07648562928179284
24.84447083028502
0.08320634637933555
98.69260493551789
188.0942051891865
678.020371742005
900.7450708182906
1843.3440744350546
951.1541081410686
1454.4894132913644
437.04411025487644
437.04411025487644
1563.2049087686535
0.1571742963551424
12.629249098713492
0.005433485743177772
3.151762307325512
14.538231971774216
12.778191644613795
4.688743826687403
0.01548404058442415
818.0971178116755
689.0487213148012
606.7673350702427
379.4220929186075
932.3414630370561
1635.0862003361265
1862.795484859852
583.2791486527915
563.7735913484377
429.6526842126839
1374.1160454755918
2130.176704793228
0.021572946617312877
1408.6803455355696
1234.0885695358559
2764.435976209708
3968.132259006602
12.174568841853871
16.949974816990256
25.357101834004897
44.22102663289988
34.37392492914939
30.39800721423798
214.41908722386665
61.475420604171994
0.7533916258794935
2868.173378443167
18.994814978763873
75.94921528068717
41.9852022904319
14.134181258500274
0.30179604998181747
48.419424074814785
105.79221424916844
18.15850119876452
1.6140585393969378
1.4875327277583845
0.1181416882893934
0.00977175984908396
0.009416271873387153
0.35931737630700267
0.10012817880332317
616.5464346068052
18.786073396887392
865.0273887023691
597.6396225392776
243.36721513351276
693.6620045597649
0.8860739925074126
0.016401376687783378
179.49171545820573
0.7144392451272702
105.52649174526397
17.657914050237164
50.14207708591697
85.60522088509023
307.2019733019349
82.99653568411037
74.7107102807496
120.02183556183034
720.681464982225
29.988997287397115
2058.1877750146946
0.05405922722232144
3.5440166467767535
909.7994533283365
56.103522044552584
58.906349273955904
16.622063322938935
0.834427755422057
0.10176345212923292
0.44992804301003886
0.9803401210903717
19.569453602200166
913.5462711908824
4.309877065627871
4.331000332446649
22.426041222259624
1023.9970140613506
2562.5505173385573
3021.7470942643695
494.61154603301077
4.9803981945566775
6.150743635949235
0.4460476045121137
490.49022586337463
490.49022586337463
36.34727179650074
381.6325155696517
212.06719555425698
15.474154994413137
69.85493185295736
17.133649438178793
164.26308408185366
58.69435678996587
16.79979022118093
130.93685483999076
979.6815122456036
330.8475663003423
736.4572911894418
84.62516568085216
38.10056728536732
198.05495866384402
57.03805516958695
198.05495866384402
11.13690544641058
0.02606005182403328
9.434658604119672
25.18115574315306
88.38749547997189
336.03737582105987
0.0016053144642198603
88.38749547997189
0.007325751462726381
117.56306423497146
162.51387816134755
110.73536610062818
156.19048150753775
62.16647686416377
1.239456454414297
461.936718211148
1318.624647401429
5.393638031620244
5.859452138942746
49.58655999508556
27.474605499525307
62.48070825249891
102.99799260838017
15.1106762169051
12.581600258439241
102.99799260838017
24.616250335259124
0.005793852606729876
97.7232102496152
448.0027880381903
32.47372241198854
24.70988939213177
9.986440224982116
4.029533366618587
0.007167751931598377
0.09288125041709895
342.94934700186843
210.61728722308374
358.11621229509785
38.77557169772777
181.4878189879205
0.06609267237302933
936.9451014327086
114.4892062543325
204.24935483195284
968.6785459597094
194.8078940287459
1264.0492401461656
34.75052973077289
174.9625455650327
689.163391692738
195.12681147635888
406.15494809627074
639.253406612668
639.253406612668
639.253406612668
99.60002956770728
32.90152253812835
309.06169154212586
147.7992535012649
291.5937484600869
15.320126745526865
45.02521047901251
232.43036884242173
0.02849426713571047
863.217914965456
31.021338148415186
42.66826073189018
1293.2644902751367
1293.2644902751367
2.6092778816898536
376.649642392561
376.649642392561
1004.688969153182
53.75078231263781
1.954822119431674
1361.3277692283316
1361.3277692283316
0.6585649033322752
0.06860172395530244
1.9212494743777366
0.40656719036740047
1342.9338984761253
1.9985920213620552
37.251101380130585
10.148817514033443
59.055465358017415
17.44867257887809
560.5547534294619
5.6649886264742575
82.65857553153636
28.736528307236625
175.707356614904
106.41988266108359
716.2890276401838
107.63496828516575
370.48447042784744
908.3719625044776
321.53096111172886
19.94275020835078
27.491116813865407
5.479566648039884
7.894087914206196
17.418331748195417
446.6812874331906
5.860926976966151
1238.509950051604
31.755092753747807
69.86286591001944
316.5188071411252
1290.1785551477176
2.962770109479824
1290.1785551477176
55.13046237302349
600.5919425149176
160.36886234986986
217.8119771554752
1.9761268855443919
1033.3297987965066
147.99287791841485
2.857604196099871
1771.4956719723086
100.42492081180654
184.9034530129399
941.0710812307295
941.0710812307295
941.0710812307295
79.05671955758511
99.90694394277088
105.26391466861006
129.13607341664982
520.6694741700798
520.4878008403531
124.12130029376868
491.50514250017574
88.51434380036306
44.76609049009149
205.04917018888221
324.0171562198951
1.0841807129587346
0.5759995794963874
1283.6748580140963
0.6455287221449195
78.50790208474044
1179.436604597302
89.46279942816467
1179.436604597302
325.6527607153813
394.2915588556182
101.9059033889172
42.001482017738965
121.38294980075173
42.0920639672202
13.715234171830506
112.521568469265
77.23938571156077
204.49917315141178
628.295456297389
181.80845958735958
2375.298618590858
2375.298618590858
1803.2022861478988
1373.6816104223697
1787.5340354613174
39.52968980031971
56.419586968669115
52.37305025836649
5.792346453216079
0.9809752703125211
368.31519217563454
1320.6285964094832
1320.6285964094832
179.3596308101893
38.25733537656916
308.7803808036888
71.2081409129349
190.14572225718982
68.25789102951654
155.171298872826
55.532976745574246
151.23773441086473
151.23773441086473
263.3675038874543
160.12893296562257
102.88563451637751
136.37889417560817
41.043798835078626
147.13724330289406
232.61621979032304
428.87223827110967
286.67724076655435
479.9065197793532
34.090541909360695
583.9924680685101
386.3203170996047
0.5767663278127481
791.5756799715238
791.5756799715238
494.63183285093737
252.97353202778234
101.32223109323496
166.63386147794154
65.15921048005373
12.66159799442783
65.46403714266651
283.81980312471313
736.9737520474924
208.48077092131632
636.5274104137851
0.09389158131770513
636.5274104137851
61.879594656905546
33.60633367672282
81.27104191071827
61.879594656905546
67.48919466027137
147.62402604108354
69.53151212976722
107.94369165264136
28.152905232829475
804.7613722774122
82.65113272377282
102.57932124639665
135.39682177421886
1244.3674939651933
201.4651832193965
1033.7517307487728
1033.7517307487728
519.2183386304933
527.6390786578489
225.598696092051
73.33789974531321
96.50900538239355
152.03868727483263
72.77411447763298
24.180951915769256
595.2277900731299
74.477255104688
153.7709257490644
399.748350826604
85.48789228475427
843.7858240255806
843.7858240255806
254.6683165599227
173.63151180044156
1563.1066989333783
1563.1066989333783
1022.7320407408873
1269.8963173129077
637.8604138849597
116.715075074567
1539.486566502013
1539.486566502013
911.0437507072016
941.6900189975869
511.46141326127577
872.5479398754109
0.11060239327159398
905.6219118887723
846.949445908492
372.11661162640945
327.91042136194704
338.99197167959915
338.99197167959915
1124.8948185600066
0.006751688990949777
569.3979382926182
0.003675098261020136
397.50711582490356
323.54696068632404
42.95264260657372
111.51139740439227
111.51139740439227
111.51139740439227
1376.6014479751543
660.39756712812
1770.5418054491684
1720.5733543499343
605.2610655937679
404.45414045763147
1598.2170969830663
1598.2170969830663
2245.2496728079373
42.6461931585976
78.44679228779133
42.80037609459428
64.50824417072936
92.82062459645907
49.898377175743136
89.25108365564624
31.239993907469238
130.0706183199121
127.14058256635111
259.87604196151653
11.70187265051925
131.15586107296426
707.8819991404656
707.8819991404656
725.0671618819199
265.00708464571267
99.5391747321966
247.28966396288374
37.29360138161625
90.97157845049277
41.53331125112119
304.6872139709856
42.895004002873186
25.113293837798317
59.27113521689891
22.410671061323466
1707.230801791839
1707.230801791839
1221.3850404806699
1221.3850404806699
32.58208278748815
104.23798557805021
102.59865867525151
37.354597494810676
32.908528120399666
80.59014441388824
74.21060986171271
74.5685916537774
50.452490460996486
90.18914279169442
139.77874211238935
51.60287470266459
59.125801627714786
0.03810559802846853
51.44615193697822
49.928204306268775
49.928204306268775
65.48810715639027
84.15332745223442
60.43279361899157
91.14178530388305
119.4583040919179
85.13544157617012
416.5584214216415
104.72767838067722
35.87959823704928
55.478677445614835
21.43015593408724
271.47205045787206
380.01075353316486
119.22190421783071
598.2618504371378
131.82517058103468
318.1085014559821
36.26112327596169
108.48323953528957
87.7137432765855
205.75251688796925
499.70377325059303
73.36077555589814
566.8318349470647
205.2234702870298
5.1127074906613466
205.2234702870298
143.9055108885497
302.82531741386526
184.54365190986633
13.39607052009693
479.1059055499139
58.97209063161778
89.61945719694948
272.2285306692099
397.6149658164668
109.32122870518545
974.6179689611446
111.448739643062
140.9913131937019
78.71171004127261
149.60937865975652
615.0970563459505
119.56207377830972
480.13154689021684
729.2421702817693
21.619794420382092
49.364372559213166
59.81812483102206
254.03183648484318
283.3203118830425
283.3203118830425
0.07213683429225261
1197.1798679575097
234.9345065366173
1047.0808025592626
1198.407223415173
1466.8402679226324
1047.8901110745649
356.2493089769229
117.41192013309528
16.497240881339483
230.25321566502424
98.4571652521919
44.57001162321955
117.08680613424036
51.85527651459824
75.97373392922255
105.83937251383604
151.763829559155
106.93804096880945
463.7081298803936
38.76873122752689
118.13350683558764
148.4790596614844
37.835533352415816
203.59105936995215
160.69591562057536
219.37508867646736
10.020921552720637
1.8932843432798048
0.9683533984942672
12.141364931633566
0.016529882160335473
67.75947057544796
174.04478812323603
635.7916674687353
363.33170283025925
322.17718404530166
107.9306758330049
32.948230581402164
271.39151452224934
194.92837065123467
528.7495092301306
241.7458456084248
298.89789457339674
130.72978196375462
97.49647703053681
275.25757242438783
190.37312132560234
220.16004490636604
814.1094833468984
49.40943275642322
18.099450689758733
98.00281205293923
648.1324662935125
5.425471767773238
548.275076310704
0.6560634184370037
32.147737213121516
59.682536324823666
719.9495667593563
530.4730185680304
241.1556785068417
15.448787726504133
423.54231329921265
115.51167112555254
121.23774230633639
45.10349218921705
139.80587196598808
189.98330245675163
605.3145327650493
617.3726308623071
114.53238938840822
480.558526533137
54.48330624770324
1072.5415298520168
427.77109576631193
369.7467366500662
430.63969514039644
116.68687102402039
23.935032059535406
19.283324150779116
84.32941680169834
20.052299693207868
53.84407567250605
72.29895528567067
389.3856824469905
193.27694368414032
166.86304402206906
106.66087689107643
284.5843226910123
226.09487654964906
123.9455332676228
234.17134254951637
487.4521490282772
344.86401029465384
323.58581099038145
856.8775364269895
231.59587608966592
99.28876590468205
618.4892065311303
789.9209823281935
56.590577035007065
74.58285559504046
79.56442540663521
334.28569844152736
334.28569844152736
53.1615781135974
83.44999276715232
14.774480481054173
71.80093329929284
379.7423139269556
14.827387524684127
138.25701384394517
1066.199937724084
7.8745529400710055
24.817384369770636
266.671070486903
57.05282624463769
60.1741568888387
594.6607455847465
158.31344828001085
189.80568382040593
120.68955882980266
363.01009441045966
9.353688276343965
47.694458062571634
293.1616961813157
2.5768402820420997
528.559817204384
317.6528732755153
305.76111899209513
70.17506003324772
201.95263966526034
544.5931317879802
182.07533114635285
589.0294419150899
589.0294419150899
13.35592953769643
16.360838559798935
87.79153075778046
108.46004827059747
72.35050556823566
19.54306938705245
12.116515249282575
15.918318073915124
23.981529913036436
37.46258157001354
6.783999889237746
167.28857903535382
32.95455223126627
27.191230370182662
107.6224460384968
249.40973822304508
457.08679390440096
6.020648269278074
17.789420350639187
123.74978389504851
12.016055368372918
36.210814894572316
100.01890514325936
315.44171975853874
33.613033099774114
75.33283184155638
870.9826023381332
145.2165398364898
34.002538531864616
491.6797613816903
8.380819471706758
587.9426060202295
155.7552770166419
1.4723379485692791
109.42719431584372
77.42960314322917
254.26980480402293
4.098753569030681
258.62049692168125
102.8159289763102
5.201472473181013
184.64233721035836
0.8479218217948613
175.54636373121596
0.8968232779983747
444.6509705999753
333.2397884184494
444.6509705999753
367.5074604077471
405.1073914295726
356.02673464395065
136.6871668978378
45.4713889216499
13.748509933837381
99.2766468993104
55.72617044916445
29.986847838710837
0.3096092846198902
880.3872450921475
189.69769339929033
275.6316280883851
13.850130780017397
591.9751823390462
843.9704877493494
28.733414904959993
56.40519111882479
45.06871523529707
166.39553732454593
208.08995313021347
181.0343570201487
0.3027975934004256
19.37439681012527
250.16532240660635
250.16532240660635
55.815201457910035
117.5588062038002
17.280464398958987
288.02159360221526
13.600110801837612
70.06308666233322
0.1947203056704287
5.694684435826763
8.646339210657711
14.546086848604316
111.96805981548492
111.96805981548492
53.746703845871515
49.47746168000016
324.9956542419276
28.6836645416604
36.127375260557244
8.848892990366462
33.62344184938468
14.186226340041086
94.45810260473372
397.2195896260431
74.09296692914423
74.09296692914423
334.0874538250945
47.43894446451869
47.975947369300194
64.15860985726435
40.16664921731872
3.3351510714184394
7.531626612705406
27.65772706949394
65.04043100482977
48.455217409209006
1.3402285570523278
16.917711314794953
227.84057412735814
227.84057412735814
20.679004881865186
921.0504932437514
14.550054363511165
128.19009857828433
65.62743173677384
66.84111827973081
46.845716883455715
136.94932788788938
252.0758363226594
127.90607533273642
373.9462430770199
21.191656917945267
73.29118849357185
105.80232904479786
386.36252965883875
92.08348947891159
0.1831009362696999
179.2558174385253
0.48258793561266516
179.2558174385253
37.061989876272534
182.27163719269788
525.3096516744079
591.4083265284135
9.184218067023886
85.8374232583325
130.30884217878992
108.78675170700772
108.78675170700772
108.78675170700772
0.5668467050427982
690.2358116186166
77.81937820436215
77.81937820436215
5.3231332415952295
225.60746558891734
225.60746558891734
9.466473212800468
22.434725642553392
11.318606213091607
13.126018844257226
33.20242953130146
18.039805550668717
258.4567136588565
286.6133453291964
445.5747938610049
1086.778728326959
297.16167421086084
100.21670199395574
117.7861516456579
27.22518072863041
8.771705964765001
21.226097973043675
33.575243286924504
0.2535813835064866
8.486711053159064
402.3601349630966
350.4960023206745
1186.6458686338826
641.4247585251045
632.3140198956612
126.91079038813899
429.17152555165677
17.89916448223994
303.16181378739736
305.25275199946134
24.071586907723177
98.99330314270544
44.458743401129084
180.5546135550459
555.7011851520924
11.42581330103825
198.48838023412486
118.56513865486643
189.2172749659728
228.22212078044248
10.975825870605924
867.6001911964478
1112.9130560606382
154.03702114579042
475.9189807946225
402.0698303553528
33.512089138972485
316.0976639045969
929.9406591964239
929.9406591964239
929.9406591964239
49.72938336100517
199.67144164802656
487.6658046918473
311.3444081361664
10.896167177407781
80.52800224810996
7.618605101279024
420.5447322516119
420.5447322516119
300.2323638879395
0.7455567917162418
4.4273135037085565
88.35382493174654
20.07213031753138
20.607652505436068
837.524037921766
1.222177022858244
7.423250553070197
27.548983544310413
13.382741026441744
13.93705190344235
2.8973806843845105
14.382926500217398
8.701659045957763
3.7946309731413383
21.656270096505434
4.376329092914097
50.9829638331121
1230.1843599876502
67.80413644410926
78.1734871696902
18.4220501410829
49.10986336420996
273.7938364308696
483.136289794247
171.46978391032914
139.7325520583837
229.9950195184823
502.32119908522037
48.51812714338476
977.0103818171066
977.0103818171066
14.778909153098324
807.0727779128708
575.4948266377769
22.63644274779293
1038.1457744400043
613.9617323158465
613.9617323158465
1142.3040215746837
54.94710317554961
1161.2091928223285
125.68441274979752
952.9841151863495
698.1899635722503
19.842342829602597
827.7128169445762
142.11491893806217
47.749473298221616
47.73197720231778
378.02492575266285
78.79720734888481
7.461045344738111
53.25768027167212
582.7830127714716
880.7588622035753
215.92868263932212
157.5160436326657
74.97094942515446
22.671397588430125
80.50880186975537
22.648163355565913
725.1944488600712
901.7477512768187
1128.6591695655916
1026.9518393772732
279.1224814128611
336.0494205023282
840.3520927178312
63.90567590275935
85.61759406877238
692.95804493909
93.44052079636951
1288.8149648871515
229.20199071184084
133.59056150242844
0.3053639688662586
780.9979411766935
21.71399487963742
118.75807183724687
818.948184628785
515.2725560330036
490.8053036389026
510.691449633688
198.94755481865707
640.0407030400955
0.006527753174483933
13.401549708656407
912.8581208212431
72.69209928884838
102.58370923708863
28.72248092807771
936.102561493742
1074.4649790582823
63.61550274817015
838.5148435209405
147.06970132146785
438.06194429975193
846.9306154268485
57.97745881751048
1031.7909300942567
1031.7909300942567
0.012984678801679651
231.47383134023855
520.491597777889
0.08602096592484008
855.4199000713312
855.4199000713312
855.4199000713312
855.4199000713312
855.4199000713312
17.695497702820322
6.259838369161465
0.10499391568292846
13.94894166340681
44.85314922124482
18.226323708903184
61.733782507740045
33.85172839756684
64.8445029856757
39.47759259720386
38.72903498180183
931.5296304030684
931.5296304030684
931.5296304030684
74.19981922972403
46.361576379240184
26.394272225176064
24.37542642288538
16.498456591031488
60.995854785874144
54.52795567164878
1832.8031648597923
1832.8031648597923
14.35185949434214
719.9597915947534
608.2001286035289
407.28812649874317
313.9447985442265
87.62592649447816
63.53936330195849
10.428038224735648
1275.8359730786863
1275.8359730786863
634.5167677106374
1012.2112722608094
1012.2112722608094
1012.2112722608094
57.355926687768495
77.76813846364998
31.74210830346103
36.271550062141
15.929648167454104
1374.548851147346
1540.350777581347
1008.5882389303058
21.975536910701294
20.647310025250274
284.0126807903151
284.0126807903151
158.50533028686522
599.8945740312163
663.441106625694
15.244212473175999
227.59635889139165
22.797103605870475
40.71666753658979
145.5145520601889
376.10337523672
206.4995553978044
148.5676708469753
81.21832765381873
69.25827421923424
44.599277869789404
68.74984461207653
23.885130047015707
49.831006445399055
794.9845007713828
40.81813808293577
20.816288596737902
27.56199906505031
25.36048956491761
29.2019859156866
682.7301460044663
11.4845162301738
18.492228347424117
26.26603815493207
38.33588563832735
38.22770809422896
38.95506064213625
1444.3998841704909
1444.3998841704909
24.499823894207843
13.402012493218631
43.94687197292431
26.67776264446598
513.8301813736292
17.525422270014342
797.6747273804593
936.7456884331599
823.089879087523
12.141526612535916
45.98871641935824
35.87730526648675
155.26596865717826
0.007057964033958448
0.009737971111236728
237.79883598545757
237.72696329631677
237.72696329631677
236.4882172862312
63.85357463904219
59.71475888314869
167.1149867484943
167.1149867484943
50.633414540475144
50.27982186316455
40.43028329594406
3.427886208863551
24.945497036976445
8.69024270064931
63.34342293782331
360.3004689508032
360.3004689508032
777.0982996886675
0.016391236519543023
1045.8254187703874
837.7902902425841
926.0127965174541
41.728032777831025
1031.5219758622686
1031.5219758622686
1031.5219758622686
41.84966326780676
27.18890233537696
37.16291547001988
564.5304334447912
20.561358410945637
38.29811860356709
20.901635582703353
25.47771623919847
40.52196154853321
1241.527745135416
1241.527745135416
33.89022099792942
80.71106937619572
30.839668111290962
1323.8758901178792
1309.1337639508415
556.8595062573232
669.5154056958174
833.7809083235397
36.0706575299684
55.16550799849261
497.46858376069616
34.51018609498566
26.680243908696955
431.1207267563593
35.9484050933005
15.248070923256476
37.11565776639962
91.40818490344516
1324.2003057061959
1324.2003057061959
868.9560407760125
1270.7607607369587
0.15876160947659881
59.21496506184031
511.3614827490239
511.3614827490239
511.3614827490239
211.0173398761019
17.936240963997903
6.909704006607992
79.51054639213494
83.9357395760436
25.711046642913036
257.67774309396566
966.2551583462083
69.78816301792655
1658.5059099069535
1658.5059099069535
798.5518303416509
96.607905593202
1075.7426710575917
875.4385076938324
70.8238036483977
1384.4005386486858
29.905271628770844
555.7091300431524
0.030213643638631944
269.0468279618728
4.080857709985075
34.54833330458094
328.3440625092753
507.1108385706296
247.17473686445072
605.8029132229649
557.9181718566924
557.9181718566924
