2128, 5159.760708739012, 68952
1549, 3519.703985413731, 50220
1670, 3165.2296135186134, 54250
2665, 6292.452226953687, 86434
4, 0.7094232206545887, 132
3154, 9474.498542138266, 102062
1746, 4072.1739699851323, 56546
1618, 2739.8399811124405, 52622
1638, 3395.460833883585, 53108
254, 115.96964738897225, 8318
593, 453.3953213701068, 19324
468, 317.370705081588, 15270
2092, 6235.0577754647575, 67838
2387, 7148.397993066445, 77390
3, 0.22306273266535653, 102
3195, 8471.441180762797, 103442
777, 413.21762288463367, 25412
7, 0.5430238967569488, 238
6, 0.46510422533529244, 204
14, 2.0173408245196365, 468
11, 1.3245083509339668, 370
26, 3.049794226580108, 870
11, 1.3155711786979085, 370
2, 0.15520088061099047, 68
1, 0.07733919094227944, 34
2, 0.155441645726439, 68
5, 0.3885914502904222, 170
6, 0.4656745592948643, 204
8, 0.621714007069111, 272
1, 0.07771831835956484, 34
7, 1.2426931757302346, 232
13, 1.0104210069907775, 442
2537, 7196.585967639178, 82206
163, 59.32227516858244, 5358
2445, 5176.994721141215, 79272
21, 2.7857012355613517, 704
2, 0.1554541440953065, 68
7, 1.2377176233354108, 232
2803, 11742.782147441225, 90686
13, 1.2416652092954765, 440
24, 2.6317093555145363, 808
872, 935.1853397199288, 28440
4, 0.29467061360688623, 136
21, 2.3280772158823457, 708
5, 0.6201219286309642, 168
138, 25.400214746305977, 4578
7, 1.009931411717821, 234
20, 2.8050270456737043, 668
20, 2.48664755047917, 672
1536, 1034.8399789728246, 50340
1536, 1034.8399789728246, 50340
16, 1.7015370044304676, 540
4, 0.5413339982024735, 134
8, 0.8530804506114422, 270
6, 0.4614024238123315, 204
70, 23.36428222893724, 2304
85, 20.520554696238243, 2818
41, 5.477775489232047, 1374
3, 0.4619038988002194, 100
2671, 5199.528520086891, 86828
11, 1.2484814635079269, 370
5, 0.37880174110988485, 170
127, 41.926032367202026, 4176
2561, 4398.413548502309, 83060
282, 195.24835528471584, 9212
2504, 6116.832035524072, 81062
39, 6.1473590690645485, 1296
4, 0.5173238223923462, 134
118, 65.1739301664715, 3862
46, 7.579692662972605, 1532
74, 14.5275501235183, 2452
133, 34.70222835737051, 4392
19, 3.3997071398775307, 628
10, 0.9569483775806708, 338
134, 88.66765034273703, 4390
46, 7.475886241704432, 1542
21, 3.720880384540492, 694
5, 0.367477994919386, 170
21, 3.102131198106329, 700
3051, 5211.826346288123, 98930
3051, 5211.826346288123, 98930
99, 41.96351075350679, 3244
35, 4.315273951769434, 1174
128, 33.58341813338199, 4224
135, 37.745038995268324, 4454
135, 23.323670133373177, 4490
2302, 6948.033219793911, 74466
83, 21.402173803420833, 2744
65, 9.617038375482256, 2176
44, 6.312584236607792, 1464
105, 24.61249009252995, 3482
55, 10.535123281103601, 1832
26, 4.063781742651478, 870
27, 3.2650683939016374, 906
17, 1.8822914590758386, 572
3673, 6821.129652017816, 118828
1127, 1123.3818135683155, 36692
2593, 7432.266621654459, 84012
845, 1200.9103677532719, 27510
3019, 5580.340478356471, 97972
1754, 2842.38411905949, 56896
1636, 3046.025026079497, 53084
2249, 4902.3614421892535, 72992
2249, 4902.3614421892535, 72992
1959, 4634.808691243371, 63466
2140, 4746.147856521775, 69336
2743, 5782.541190602883, 89254
2575, 5928.088591352511, 83360
2608, 9091.61446325042, 84454
2608, 9091.61446325042, 84454
630, 552.7520225475577, 20498
1064, 1373.1953981248485, 34486
783, 739.8119427605942, 25538
26, 2.9668494353628074, 874
654, 612.1709759297422, 21326
1111, 1107.6911999782756, 36118
1374, 1942.094013660461, 44650
1247, 1971.5539055506697, 40402
2027, 4512.134958252929, 65418
847, 969.4230090326223, 27542
2740, 7797.203822116135, 88616
1367, 1591.6191192910112, 44340
80, 13.562625106279329, 2664
2, 0.1297044994953133, 68
9, 0.9397113670104269, 302
2160, 3210.745531758198, 70144
2160, 3210.745531758198, 70144
69, 15.152182424881715, 2278
15, 1.7462200350586579, 502
1356, 1990.2532456000229, 44062
1877, 3469.986090128205, 60846
2001, 4773.16398935515, 64850
1919, 3229.7458416093973, 62188
2177, 4249.485717124654, 70692
1727, 3013.6600835203108, 56022
1148, 1689.19341346505, 37274
2432, 4426.3761387281265, 78788
412, 226.80855577778783, 13460
934, 1029.0907605110128, 30390
2023, 3415.794432747437, 65614
1222, 2046.6575287619921, 39666
24, 3.739483617292526, 800
1594, 2089.3541695011104, 51750
2242, 4097.260128006944, 72680
1910, 3277.9873923379228, 61936
878, 668.4351318979311, 28528
1143, 1052.9604110034288, 37320
1143, 1052.9604110034288, 37320
519, 375.01487529805894, 16928
1889, 1696.6303699820273, 61584
1889, 1696.6303699820273, 61584
2324, 4495.743135125409, 75374
1765, 2902.304227499478, 57250
2557, 4972.732893951059, 83020
8, 0.7133473489516101, 270
1227, 1452.496578736431, 39880
59, 13.763350199672981, 1956
1905, 2953.0988311488463, 61870
1232, 2182.1534821293358, 39876
58, 10.316517774140413, 1924
1910, 4204.390095499215, 61808
250, 144.75266769846434, 8140
156, 54.877685110967555, 5108
1, 0.06553139246248682, 34
305, 138.17516216607956, 10046
2094, 3409.3531879441607, 67978
2094, 3409.3531879441607, 67978
2773, 5646.205434769693, 89866
2596, 5219.569284055477, 84362
2833, 4498.210227196991, 91940
3341, 6203.336067410355, 108650
2039, 3960.825733527191, 66320
2039, 3960.825733527191, 66320
2303, 4921.494814145638, 74812
1878, 3616.269480893158, 61054
1308, 1299.8082713316169, 42552
4143, 7313.95047753089, 134954
2242, 5431.014697704079, 72580
2326, 4165.193067175923, 75586
2259, 6295.948329920174, 73134
1868, 4132.11573636964, 60640
2166, 3968.364240780071, 70338
2773, 8306.277816950802, 89982
1862, 2989.2649530190174, 60588
2667, 6577.861633469804, 86812
2667, 6577.861633469804, 86812
4, 0.2905357609482409, 136
201, 83.65097091016962, 6592
201, 83.65097091016962, 6592
201, 83.65097091016962, 6592
306, 136.1311167717112, 10050
155, 57.92369456290262, 5100
180, 78.17643098209969, 5920
11, 1.0202111149655968, 372
2, 0.14577484782121483, 68
602, 294.78052379952106, 19704
490, 472.5059549131894, 15984
119, 44.303130290258714, 3896
170, 95.95760048052593, 5576
689, 729.0820384365026, 22400
638, 699.3054164887765, 20782
513, 399.8783722001194, 16704
1256, 1760.1456788178675, 40804
568, 553.2794259876255, 18462
1289, 1398.675701815156, 41942
931, 1263.1345762641988, 30272
189, 107.59570035403553, 6192
290, 124.19926225083617, 9514
247, 99.60326061966254, 8146
246, 136.49923287796153, 8050
975, 789.9185861812057, 31834
643, 791.1608831067375, 20862
231, 103.598059180922, 7586
1201, 1013.5684571849953, 39176
1085, 1269.2079363978157, 35302
138, 55.23114555423545, 4538
353, 156.77896761727402, 11570
322, 133.72067827720846, 10528
517, 368.0324230600309, 16856
534, 398.6727390504586, 17440
1105, 1341.5342345336678, 36020
752, 917.0191794581984, 24432
1121, 1650.9028628690173, 36430
1329, 1132.2577707161984, 43312
660, 771.8446521303888, 21468
13, 1.3521509055703536, 438
1091, 1008.6421963593817, 35496
785, 476.8554845743438, 25584
64, 13.19869430699759, 2120
472, 489.30184245715805, 15342
2, 0.14248549607268104, 68
2, 0.3560561225125363, 66
5, 0.5700608059400589, 168
1342, 1328.0818984261941, 43718
1342, 1328.0818984261941, 43718
1342, 1328.0818984261941, 43718
132, 40.59235717892632, 4342
352, 159.12717486340506, 11576
992, 1186.5722256949991, 32262
992, 1186.5722256949991, 32262
992, 1186.5722256949991, 32262
992, 1186.5722256949991, 32262
992, 1186.5722256949991, 32262
13, 0.9263083955346081, 442
4, 0.2849824524329622, 136
913, 1107.6007914200438, 29626
4, 0.7094232206545887, 132
469, 385.39999371465206, 15330
957, 798.1114114806846, 31280
957, 798.1114114806846, 31280
142, 42.179722386165885, 4690
157, 37.49570592437357, 5194
1025, 974.8129875138673, 33380
926, 1013.5459378482564, 30158
36, 5.230673952030541, 1204
900, 879.1945336972699, 29308
745, 529.729979239383, 24336
566, 574.083201981435, 18454
587, 533.359580545666, 19124
585, 443.362168787604, 19026
335, 201.57757105389618, 10990
975, 1039.9736261834598, 31670
236, 112.70688135598714, 7736
521, 321.9922688517945, 17048
339, 154.70877671814907, 11154
543, 498.3458255019689, 17698
77, 18.468270214377366, 2544
542, 458.90631488063553, 17670
264, 167.30793553044327, 8656
565, 372.6482451219432, 18386
476, 391.2396171025889, 15552
574, 359.5488541579851, 18822
275, 188.78261458120545, 8988
7, 0.9298341138411342, 234
519, 297.55770922054404, 16992
519, 297.55770922054404, 16992
485, 335.4240963059571, 15842
448, 311.8604121308767, 14590
834, 788.6843816891575, 27266
834, 788.6843816891575, 27266
881, 572.4246746100982, 28740
7, 1.2377176233354108, 232
102, 31.713050247332347, 3372
170, 54.883117880848566, 5608
1017, 1029.827369063166, 33126
1017, 1029.827369063166, 33126
55, 14.203795021680204, 1810
53, 13.618241640574487, 1746
5, 0.6201219286309642, 168
8, 0.8530804506114422, 270
646, 659.8492281759561, 21032
68, 13.174608000641996, 2264
14, 2.0173408245196365, 468
91, 30.854540068443757, 2982
11, 1.3245083509339668, 370
777, 413.21762288463367, 25412
832, 563.3248126422229, 27228
7, 0.5430238967569488, 238
6, 0.46510422533529244, 204
49, 13.328957960679782, 1616
75, 28.397551449612372, 2466
6, 0.4656745592948643, 204
242, 109.73820535351, 7948
361, 203.96806546609514, 11820
745, 710.7184342996893, 24194
820, 935.92493626897, 26670
1285, 1895.7998684360168, 41792
761, 981.5518312767965, 24782
1145, 1500.3824839070792, 37270
587, 463.8131651386289, 19166
587, 463.8131651386289, 19166
1142, 1607.591102718397, 37180
60, 15.927373352942318, 1980
8, 0.621714007069111, 272
1, 0.07771831835956484, 34
27, 5.1566297846255225, 896
80, 18.085354113481696, 2648
47, 6.8744542714086005, 1568
1, 0.07733919094227944, 34
47, 15.509034987321684, 1552
857, 853.9354104074557, 27968
674, 720.0178660445266, 21920
451, 398.26201616301177, 14646
726, 638.6802505508194, 23730
966, 973.190925307509, 31430
1178, 1682.0006823576903, 38320
1193, 1913.7237795017036, 38712
532, 583.5911464873783, 17326
702, 613.8688069596238, 22824
576, 456.47642130235994, 18836
1191, 1424.72586572744, 38844
1373, 2187.1287710617153, 44638
3, 0.22306273266535653, 102
996, 1449.7080988067032, 32408
1026, 1275.7592013514907, 33354
1324, 2815.6808207973763, 42924
2061, 4052.1161798336257, 66714
75, 15.257047015357092, 2488
77, 21.010266207633755, 2542
124, 31.22026070484337, 4092
109, 35.66767030197928, 3592
154, 52.06721586830916, 5066
124, 39.80232434735356, 4088
410, 231.48395642965332, 13440
144, 68.37836793269588, 4702
11, 1.3155711786979085, 370
1725, 2936.544620283486, 56014
105, 24.903537849813855, 3480
135, 47.685228414475084, 4436
176, 85.20392862573642, 5794
13, 1.0104210069907775, 442
70, 17.587225324613755, 2318
189, 57.73351879868021, 6242
219, 115.91917860430603, 7170
20, 2.8050270456737043, 668
85, 22.03306575892264, 2804
21, 2.7857012355613517, 704
2, 0.155441645726439, 68
5, 0.3885914502904222, 170
2, 0.1554541440953065, 68
13, 1.2416652092954765, 440
3, 0.4619038988002194, 100
659, 647.5505690342661, 21528
81, 21.957125885458805, 2682
1011, 899.8508148818023, 32840
737, 624.7807174860059, 24014
519, 263.50721203464957, 16910
674, 719.1630245245641, 21920
21, 2.3280772158823457, 708
2, 0.15520088061099047, 68
299, 194.12998119625385, 9798
7, 1.2426931757302346, 232
138, 25.400214746305977, 4578
262, 114.93822911088965, 8566
218, 94.77536217052635, 7150
173, 57.510948960911044, 5692
246, 84.75127790918464, 8062
435, 325.8884498952788, 14260
211, 92.5386501271115, 6898
309, 134.64316565138097, 10156
773, 755.0237888794846, 25188
93, 35.353222175941234, 3070
1376, 2117.7723402309985, 44696
6, 0.4614024238123315, 204
41, 5.477775489232047, 1374
1223, 967.1792664329441, 39924
139, 62.97253604699852, 4564
211, 67.64046969801635, 6950
85, 20.520554696238243, 2818
16, 1.7015370044304676, 540
4, 0.5413339982024735, 134
7, 1.009931411717821, 234
70, 23.36428222893724, 2304
20, 2.48664755047917, 672
1659, 994.8808632607925, 54412
31, 5.80144751746603, 1028
38, 6.0958870193035475, 1268
132, 30.84673246768369, 4378
917, 1063.4131581598624, 29896
1667, 2631.2991829401735, 54148
2230, 3108.831503786024, 72456
562, 520.7315573334499, 18310
46, 8.666153010454016, 1528
44, 7.414389308994696, 1464
9, 0.9397113670104269, 302
757, 517.681521006277, 24620
757, 517.681521006277, 24620
149, 43.03270343250526, 4914
808, 411.4550243060812, 26464
534, 233.7288900062216, 17496
71, 19.077667371756178, 2342
63, 20.09629067065883, 2062
195, 80.30005381854242, 6438
260, 176.2341057412238, 8488
78, 20.48984464718363, 2578
170, 66.94382281073607, 5596
301, 144.22164120079344, 9866
792, 770.4068605852398, 25806
1196, 1027.6266299933602, 38870
429, 350.18082062199943, 14014
211, 94.06762169341933, 6890
129, 44.623526964095994, 4260
348, 215.18375995307196, 11350
348, 215.18375995307196, 11350
174, 64.15127086517997, 5726
108, 30.492172353872295, 3576
59, 13.837608965873915, 1956
4, 0.2945564023914497, 136
51, 12.174542510060014, 1684
288, 103.40981221516166, 9460
288, 103.40981221516166, 9460
2, 0.14975322722668555, 68
2, 0.1499246211454837, 68
855, 374.66485047968166, 28042
332, 131.690809344646, 10902
314, 167.85068045967418, 10296
353, 176.54448531946207, 11564
247, 121.62244363539637, 8088
622, 488.30461003665397, 20302
1090, 1361.0527417378923, 35470
169, 68.94410298303245, 5580
24, 2.6317093555145363, 808
44, 7.2505656295426, 1472
104, 32.356633672006055, 3432
151, 70.35559420886885, 4946
140, 56.16408284656006, 4596
33, 7.939379729685371, 1090
307, 117.21509022614632, 10080
307, 117.21509022614632, 10080
91, 29.39694214155458, 3020
70, 18.768193097685852, 2322
60, 16.067406066332012, 1982
1, 0.07378032666311587, 34
215, 108.27715708184063, 7026
39, 6.1473590690645485, 1296
457, 466.9510882544385, 14862
100, 37.187969681754744, 3308
80, 28.652800631481266, 2622
5, 0.367477994919386, 170
48, 12.98104834268767, 1582
4, 0.29467061360688623, 136
487, 364.0951768769087, 15902
475, 232.5708071592407, 15564
522, 382.20610628722324, 17088
149, 46.36329269731175, 4936
282, 195.24835528471584, 9212
5, 0.37880174110988485, 170
770, 969.5440903352917, 25010
266, 125.65939727990772, 8712
332, 218.70721364938086, 10830
1102, 1015.6199569244676, 35840
355, 211.08704006931276, 11614
1080, 1313.7418113519213, 35024
127, 41.926032367202026, 4176
323, 191.56370777910064, 10526
819, 725.5809368586534, 26698
300, 207.2306957040334, 9806
618, 434.3810750108874, 20216
822, 678.010748025109, 26744
822, 678.010748025109, 26744
822, 678.010748025109, 26744
183, 108.94768553864975, 5992
433, 328.21657726856256, 14078
107, 38.2987963132858, 3510
417, 310.157023259456, 13584
413, 166.42241013554678, 13524
77, 18.923393703111483, 2542
143, 51.247221391519886, 4706
375, 247.98700274129155, 12234
3, 0.22438868132672898, 102
839, 896.9061218685594, 27354
130, 37.14578054849321, 4286
114, 47.83083082451512, 3744
1253, 1346.6869822108777, 40750
1253, 1346.6869822108777, 40750
35, 4.315273951769434, 1174
443, 396.4762303415969, 14416
443, 396.4762303415969, 14416
830, 1038.8175395194237, 27048
181, 62.474052863896404, 5964
21, 3.720880384540492, 694
939, 1398.4350872450423, 30498
939, 1398.4350872450423, 30498
11, 1.2484814635079269, 370
4, 0.5173238223923462, 134
19, 3.3997071398775307, 628
10, 0.9569483775806708, 338
1377, 1399.251847734315, 44724
21, 3.102131198106329, 700
74, 14.5275501235183, 2452
99, 41.96351075350679, 3244
118, 65.1739301664715, 3862
1080, 606.2447903780698, 35354
46, 7.579692662972605, 1532
83, 21.402173803420833, 2744
134, 88.66765034273703, 4390
133, 34.70222835737051, 4392
234, 185.78885723610395, 7610
948, 754.9223495590562, 30848
253, 118.73893146611586, 8276
464, 339.39568017191743, 15118
191, 117.01979503170323, 6234
539, 390.03958685319157, 17560
709, 937.6278511251926, 23036
65, 9.617038375482256, 2176
105, 24.61249009252995, 3482
128, 33.58341813338199, 4224
46, 7.475886241704432, 1542
55, 10.535123281103601, 1832
135, 23.323670133373177, 4490
536, 468.7593137864069, 17532
1201, 1284.3359778591944, 38988
144, 76.96979710480029, 4684
135, 37.745038995268324, 4454
413, 331.88068668086055, 13498
1053, 1330.5603890420025, 34282
1053, 1330.5603890420025, 34282
26, 4.063781742651478, 870
136, 60.15366579894394, 4452
590, 624.0191031470529, 19206
27, 3.2650683939016374, 906
259, 171.27410247463013, 8474
440, 234.2788672035709, 14388
295, 161.7512080860894, 9684
857, 1067.3771191307355, 27806
1528, 1830.4788966148033, 49692
29, 4.370763637541761, 964
213, 110.44417387051121, 7000
412, 204.29545959764926, 13478
804, 974.8106491195392, 26206
804, 974.8106491195392, 26206
804, 974.8106491195392, 26206
196, 88.29370356565722, 6438
215, 108.52389422513787, 7048
242, 115.90439711698856, 7894
251, 138.39326345115268, 8174
503, 539.7585295759105, 16380
609, 545.5921070403366, 19778
219, 133.35243166536068, 7146
626, 516.0484569146621, 20370
190, 97.23511597512824, 6214
146, 51.03976000644379, 4792
299, 219.46908853285802, 9732
417, 342.516925420436, 13612
26, 2.9668494353628074, 874
985, 1320.7582104529554, 31876
17, 1.8822914590758386, 572
13, 1.372326652164313, 438
248, 87.91851501554957, 8138
906, 1215.8671303985964, 29404
906, 1215.8671303985964, 29404
195, 97.76071500550775, 6392
426, 413.02256314814446, 13866
429, 343.4506626308585, 13914
222, 110.3241626516288, 7260
245, 131.64000359092864, 8014
148, 47.67155981011742, 4872
172, 49.40305910453872, 5664
44, 16.646837633254425, 1454
243, 88.44152150787384, 7984
266, 124.61994011768036, 8710
417, 221.408257356736, 13606
979, 669.9687344311096, 32034
303, 195.2726923354714, 9898
1219, 2422.4835788385576, 39498
1219, 2422.4835788385576, 39498
1177, 1847.9225683857605, 38206
869, 1405.9654985466275, 28250
1248, 1837.2590529939182, 40446
101, 45.51546721082783, 3322
206, 67.27378547776561, 6788
170, 59.002282951574415, 5582
13, 1.785178609547853, 434
46, 7.758698172912215, 1532
476, 387.01613377148954, 15522
863, 1353.0076711522618, 28028
863, 1353.0076711522618, 28028
283, 191.29240341714728, 9226
501, 327.1359889742445, 16440
114, 44.46836158134415, 3750
147, 78.41063704808313, 4822
340, 205.09603623200536, 11158
228, 78.38692014873722, 7466
320, 167.75903657064657, 10452
146, 62.514417351442574, 4808
264, 162.6756043118926, 8652
264, 162.6756043118926, 8652
704, 294.89799221683774, 23106
257, 170.06629858362427, 8380
416, 154.65931237985, 13666
204, 111.16977301620041, 6682
143, 47.101056595542985, 4724
334, 161.7322309502314, 10908
384, 246.54184807634698, 12592
642, 453.1338099769923, 20884
627, 502.79286602710107, 20506
136, 39.839770140320596, 4498
536, 311.1523246166914, 17548
473, 407.3519906276043, 15396
622, 608.1343170076972, 20196
11, 1.2042650594348374, 370
819, 825.5148337645581, 26706
819, 825.5148337645581, 26706
641, 522.0013460890725, 20916
391, 268.89542936346396, 12762
218, 111.16161475313078, 7126
318, 180.80263210448848, 10398
62, 15.483537009256876, 2042
183, 71.93876190010076, 6002
177, 73.32596734301981, 5798
387, 298.4805512395615, 12632
737, 769.866828447082, 24012
422, 226.41491763315577, 13812
710, 663.7774714830401, 23132
710, 663.7774714830401, 23132
6, 0.6058341820429678, 202
144, 39.14125557099919, 4754
225, 72.81571583310529, 7386
225, 72.81571583310529, 7386
235, 91.99453076193853, 7700
174, 74.61010685922842, 5694
377, 165.58120832644653, 12332
174, 77.31348939489155, 5724
249, 118.69840401572998, 8180
91, 32.660360468613064, 2996
879, 842.5100188953661, 28626
237, 92.29868374999793, 7786
243, 144.98075196047154, 7922
185, 111.63146334944715, 6040
1196, 1293.0929216299564, 38904
316, 215.5741337725447, 10330
1126, 1077.5479297630275, 36668
1126, 1077.5479297630275, 36668
716, 548.1198150297288, 23344
665, 553.9108804651468, 21638
502, 246.80409978645235, 16422
227, 82.73848750761523, 7466
172, 104.93309414155924, 5600
413, 169.38285494453464, 13544
207, 81.75474153025303, 6804
972, 634.0581205658527, 31698
205, 82.80633006622523, 6734
294, 165.0513602974926, 9624
95, 27.9529531941287, 3124
687, 426.9651834159195, 22390
196, 93.62775648400238, 6424
879, 878.286662690277, 28622
879, 878.286662690277, 28622
535, 277.4194696419565, 17508
307, 185.4898924740397, 10016
970, 1597.977760746585, 31460
970, 1597.977760746585, 31460
1198, 1072.720899099663, 38982
1192, 1315.347544418994, 38732
732, 668.0292007360756, 23800
230, 126.99817370806885, 7540
1325, 1593.3515824950227, 43222
1325, 1593.3515824950227, 43222
1091, 955.3958714186454, 35600
773, 972.1379959091013, 25096
759, 542.2339452436063, 24796
936, 911.0681483605728, 30362
853, 936.581619482891, 27810
7, 0.5057688724100681, 238
877, 883.0409006981328, 28550
473, 392.3907976257754, 15466
419, 343.57932835578913, 13686
512, 360.67922296007936, 16702
512, 360.67922296007936, 16702
1010, 1165.7508363438485, 32794
2, 0.14231429181408084, 68
646, 595.0192214513332, 21040
2, 0.1423502177250944, 68
721, 425.4561336433326, 23626
159, 50.30451497978481, 5226
209, 121.08353498204137, 6800
209, 121.08353498204137, 6800
509, 349.2022402325291, 16548
209, 121.08353498204137, 6800
953, 1414.5093190690195, 30928
749, 692.1432950387551, 24482
1117, 1817.0128519803416, 36274
1427, 1778.238339608967, 46514
631, 630.930009698802, 20528
486, 423.47727988666986, 15810
1136, 1642.2754478418065, 36854
1136, 1642.2754478418065, 36854
1390, 2297.259572093045, 44994
150, 49.45092981068416, 4926
195, 86.69208277647304, 6378
168, 49.838093707915775, 5534
169, 71.04845965392116, 5536
282, 103.09493698187389, 9276
297, 142.34148908877327, 9690
154, 56.174914703312936, 5066
233, 99.42706023136452, 7636
131, 36.59365039329575, 4322
353, 140.66004629989112, 11568
371, 273.52017714966206, 12016
84, 15.187953112130243, 2784
377, 146.38352578954317, 12380
851, 738.9454920789657, 27702
851, 738.9454920789657, 27702
975, 759.7286450686912, 31838
370, 279.27099822081163, 12050
206, 108.15367316114344, 6732
412, 263.0319188949022, 13450
154, 43.02653049598366, 5062
218, 99.29609996219891, 7138
452, 321.67721129735105, 14764
144, 48.3834015515545, 4744
157, 48.71203421091289, 5162
129, 30.760350794442783, 4262
213, 69.16877795814376, 7012
107, 27.651755246810765, 3524
1435, 1762.994161762212, 46616
1435, 1762.994161762212, 46616
1143, 1262.867373659094, 37194
1143, 1262.867373659094, 37194
121, 37.77387444255843, 3980
261, 115.74988567697615, 8550
252, 113.27542011662746, 8250
260, 91.33317445686421, 8538
158, 43.474839988924685, 5198
121, 39.47914375771481, 4022
212, 82.37543936899351, 6960
174, 81.6846458883724, 5684
187, 58.72866839858793, 6150
218, 98.11549733029688, 7154
356, 155.36217445375271, 11676
194, 59.158599856666164, 6406
169, 66.04039887012718, 5540
157, 58.13846765746097, 5174
4, 0.26934521576463655, 136
200, 59.51455752547955, 6602
200, 59.51455752547955, 6602
159, 72.42808588334624, 5200
226, 94.59036088780694, 7422
225, 69.89767615238256, 7406
213, 98.54392569284516, 6990
247, 130.81505553232017, 8068
205, 93.0722250742081, 6704
544, 438.0312619551599, 17732
212, 113.86065647979345, 6918
111, 40.968035347552615, 3622
75, 24.91547010944813, 2454
170, 62.09617008673571, 5588
477, 288.948691530848, 15616
440, 395.997042491508, 14356
246, 128.50403891897886, 8024
842, 628.2515491892055, 27426
282, 143.38270516081698, 9246
429, 333.54040681882464, 13944
102, 40.884705627101546, 3356
254, 118.31073998893281, 8334
216, 97.22938748871373, 7092
446, 223.84151696388182, 14594
544, 520.503096634912, 17618
190, 81.16497114603658, 6188
591, 587.6790510508944, 19270
37, 6.843842447759946, 1232
372, 218.9474531375479, 12132
372, 218.9474531375479, 12132
259, 155.06704534771757, 8482
384, 319.0103047255122, 12538
297, 196.78708359070754, 9694
897, 514.6000553896541, 29226
72, 16.451785198752585, 2386
147, 65.36087519941748, 4806
186, 96.78404858426569, 6076
431, 289.6645702792301, 14002
670, 425.6453223842861, 21880
279, 120.36624809229751, 9134
834, 1003.5725513839137, 27108
203, 119.5327911046132, 6620
151, 84.7566465046583, 4918
255, 159.4047182054792, 8298
238, 150.26470746723763, 7810
702, 639.3642659111384, 22746
719, 510.02315812385865, 23440
253, 130.82973928901168, 8272
936, 765.163972517152, 30490
101, 25.734730593667635, 3344
133, 54.60676629042483, 4356
137, 65.45082634163172, 4484
344, 267.5218472828138, 11268
496, 304.38113656104616, 16208
496, 304.38113656104616, 16208
1431, 1252.3576038938213, 46512
1, 0.2811532855300102, 32
352, 248.0345418527489, 11466
1178, 1094.190897467632, 38316
963, 1234.3563091097726, 31306
901, 1498.627305074002, 29286
989, 1084.2146384898574, 32018
454, 374.3273279441758, 14804
283, 129.4492557168046, 9254
444, 247.27429728788508, 14544
64, 19.32330464039272, 2102
277, 108.7840457561436, 9072
190, 51.83261282184729, 6262
207, 84.06171360647632, 6772
148, 58.17025440205317, 4882
258, 126.94552002296159, 8440
247, 115.92594958017689, 8054
353, 165.48142660046472, 11568
229, 116.9734914495003, 7476
108, 43.59313221840694, 3558
555, 484.361295874907, 18082
310, 131.37045021531276, 10164
370, 164.02944302899644, 12152
104, 42.98774170884645, 3424
429, 221.06294205344219, 14010
338, 173.0600036142071, 11040
80, 13.562625106279329, 2664
373, 235.25456381781697, 12164
26, 3.049794226580108, 870
15, 1.7462200350586579, 502
69, 15.152182424881715, 2278
212, 76.35712871372323, 6976
2, 0.1297044994953133, 68
328, 187.22768045052015, 10722
702, 662.2199987204921, 22894
472, 381.2981295679498, 15404
456, 337.5153870979971, 14904
234, 116.84364172327895, 7668
124, 38.10019754167266, 4082
580, 294.03322433728295, 18950
337, 207.63757143481533, 11004
735, 554.9164447571775, 23948
431, 257.85153811218936, 14114
219, 139.09439788024517, 7148
449, 317.90699483936544, 14618
226, 105.99813010248492, 7372
506, 295.3510639429816, 16516
293, 202.2225401684205, 9558
531, 241.8059893723216, 17396
969, 850.9011432223698, 31550
172, 56.80072959446811, 5640
85, 21.778190710745747, 2806
243, 107.78479153225949, 7974
818, 679.517915455763, 26636
51, 7.269789416886538, 1700
954, 583.4750040518352, 31110
149, 37.7499236538027, 4916
9, 1.3863902742823522, 298
166, 67.39021768520738, 5454
1067, 761.5557737825334, 34832
731, 558.9595181499906, 23810
441, 258.1812783176923, 14460
63, 18.45134711899885, 2072
673, 448.7937808367334, 21932
329, 128.41573831086234, 10804
321, 133.96956290134148, 10534
164, 52.033916126662966, 5386
285, 150.65170330557967, 9342
323, 202.58891987371217, 10502
649, 626.4906996124926, 21140
651, 642.6732806425514, 21144
269, 126.43583303955671, 8832
717, 505.87434425792844, 23404
134, 60.28248582803458, 4406
864, 1105.1105696526408, 28024
582, 451.95933329670214, 18926
480, 388.3446399578876, 15740
536, 452.08180439350747, 17394
311, 128.988060840813, 10214
105, 24.095953222736068, 3474
120, 29.892473862981532, 3966
221, 94.07450128664969, 7238
92, 24.290675797498782, 3038
189, 61.85212076762463, 6222
194, 79.98678860902753, 6354
472, 408.9345512901234, 15338
343, 206.57969936899937, 11242
334, 179.78880760360104, 10960
271, 119.14163209493593, 8890
466, 303.8267338495968, 15216
359, 240.00980372612915, 11692
255, 134.91267456790385, 8316
348, 248.57570872873328, 11376
510, 509.04751269598023, 16506
532, 365.48384857551315, 17344
562, 349.65469291978826, 18342
1071, 899.7357647001209, 34834
393, 246.160525346246, 12846
207, 107.74175327063939, 6762
584, 641.6829655068757, 19068
793, 820.5537314050428, 25814
192, 64.48483680881934, 6286
192, 83.05119595858115, 6304
227, 87.91539313842438, 7442
472, 352.73638686460873, 15360
472, 352.73638686460873, 15360
210, 62.05138848818427, 6890
233, 92.88235602503987, 7624
111, 19.26593507112358, 3702
274, 150.08160517215214, 8972
527, 401.35885814637624, 17184
74, 18.21435774259289, 2454
181, 79.83168441929878, 5950
1016, 1104.650781746863, 32914
57, 10.33300707939844, 1890
93, 28.48649830839577, 3070
614, 292.20715791402773, 20106
240, 67.21490651253525, 7900
229, 69.86420279549908, 7548
797, 626.6727211147677, 26024
280, 168.86488972755254, 9144
485, 208.85998841031034, 15904
277, 130.27067810865773, 9092
818, 397.77267299748127, 26726
139, 53.13807809537443, 4546
52, 11.906707251520515, 1724
476, 311.5735810017681, 15532
24, 3.739483617292526, 800
483, 336.8567728541836, 15768
610, 554.2612692061226, 19868
423, 321.3676875371876, 13780
165, 77.20341165039123, 5378
620, 226.56685924266202, 20346
640, 568.5339843360533, 20842
425, 197.8974160952907, 13916
1128, 632.2538330715781, 36932
1128, 632.2538330715781, 36932
80, 23.959084439880304, 2634
81, 19.70560960854241, 2676
79, 16.753954017488375, 2612
63, 15.14705156810294, 2080
259, 98.2089937620093, 8530
240, 119.08975457990354, 7870
224, 82.22612067080725, 7350
87, 19.457516302925498, 2874
128, 31.13616755762373, 4226
119, 38.15557831573068, 3910
44, 8.872172276469806, 1454
140, 44.105935995796656, 4584
383, 180.40577952224515, 12546
127, 31.521434796367785, 4190
274, 111.51993205174968, 8980
298, 118.69876145432201, 9748
337, 137.0215450415495, 11068
649, 483.9226106516074, 21176
460, 266.28302006720594, 15070
88, 21.599164896286347, 2908
50, 7.959339687141734, 1662
54, 14.548563294419887, 1768
118, 41.21776023884777, 3870
1054, 908.9835295445215, 34308
193, 83.01320210571606, 6312
111, 38.54587575827479, 3636
668, 340.83134128914156, 21876
316, 156.73138613709878, 10304
852, 523.3287074264617, 27782
51, 10.606981300685838, 1686
125, 39.427753577546376, 4108
815, 618.9622253417501, 26554
307, 167.27460668571584, 10040
21, 2.2906829639141377, 704
326, 122.8659549066469, 10678
226, 85.39758242414017, 7422
570, 275.8363292269189, 18642
37, 5.904138348250903, 1228
262, 114.21172969151536, 8608
440, 275.1481344030532, 14360
56, 7.507420638475774, 1870
294, 196.4256190479652, 9608
358, 189.6605258107334, 11722
17, 1.4809729139182528, 574
14, 1.6744153150714622, 468
694, 470.83347775777264, 22598
694, 470.83347775777264, 22598
480, 350.9083683680495, 15576
549, 388.2299201738813, 17914
808, 434.17863778520837, 26438
278, 147.18180496561519, 9074
618, 379.2767358533843, 20190
140, 51.16232295842968, 4576
82, 16.904185735616245, 2712
168, 61.89024742560636, 5492
250, 108.66070428164976, 8176
122, 34.144985576858474, 4030
6, 0.7673533034688469, 200
962, 914.734126410334, 31372
454, 206.7348257110362, 14864
485, 294.8577836767068, 15830
74, 16.562948566659795, 2452
1054, 632.3202782783048, 34356
1307, 897.6025919128284, 42632
95, 32.572988995338164, 3124
146, 62.42509012374906, 4764
132, 50.84383105591403, 4340
351, 178.48919994253757, 11460
452, 224.53453372412505, 14726
7, 0.8354122963202407, 234
329, 194.31496422262043, 10726
112, 24.001733533974022, 3696
604, 275.7437064615751, 19758
604, 275.7437064615751, 19758
189, 62.819178928694036, 6214
324, 129.5642584525426, 10658
97, 21.162985214041704, 3202
584, 311.05534309828676, 19044
60, 16.01650777304533, 1970
203, 78.47129431294967, 6640
42, 7.624225669079646, 1396
10, 0.6480519147168805, 340
44, 10.624972186607573, 1446
73, 17.637074075316466, 2416
276, 122.6011308832143, 9052
276, 122.6011308832143, 9052
225, 63.97388495765999, 7400
174, 56.44099886954576, 5736
726, 353.28751239529737, 23756
124, 33.999639503453864, 4090
122, 41.968689416206324, 3998
66, 11.548619425152182, 2188
136, 39.60950855587145, 4472
88, 18.288353392393645, 2912
733, 427.2553050867716, 23992
278, 105.03470978879025, 9132
278, 86.10334595737444, 9170
278, 86.10334595737444, 9170
576, 357.642301688122, 18814
149, 53.790007632077916, 4928
213, 57.24807365043068, 7022
152, 47.05600138423649, 5006
188, 71.11420061043172, 6184
60, 9.879947484138611, 2002
32, 4.962804019392539, 1064
199, 73.29206380686922, 6512
114, 33.22322779973033, 3742
72, 20.31766486867515, 2370
17, 2.3506775019474926, 570
130, 54.136246861926, 4268
470, 245.9631932145441, 15386
470, 245.9631932145441, 15386
82, 24.306713350757953, 2706
1492, 974.4652776880281, 48654
64, 17.550235507797854, 2110
315, 140.91789131779183, 10358
202, 73.94762643934268, 6628
195, 74.48444748417343, 6414
158, 52.97134363919125, 5180
345, 151.65099327282223, 11296
425, 267.9432904462217, 13874
397, 144.31635690303708, 13018
545, 397.67205698863035, 17814
116, 26.420654596048024, 3840
224, 82.8054523794018, 7344
263, 116.67529978207814, 8602
441, 401.67115398368367, 14330
341, 105.12010641212103, 11182
8, 0.4894547020640563, 272
397, 194.11733784969013, 13022
397, 194.11733784969013, 13022
10, 0.982842850164224, 336
150, 42.38507477147767, 4950
378, 195.90913190105104, 12326
662, 548.6933366834925, 21560
1068, 628.9326969985701, 34756
75, 12.301498185953577, 2492
310, 97.66357473790332, 10196
343, 145.0251663218181, 11282
241, 117.97448272765733, 7906
241, 117.97448272765733, 7906
241, 117.97448272765733, 7906
12, 1.1509305567061108, 404
987, 728.9902316152827, 32148
255, 89.09976849838365, 8346
255, 89.09976849838365, 8346
40, 7.17797420926711, 1330
597, 250.65553916444247, 19580
597, 250.65553916444247, 19580
55, 11.953408295544078, 1814
145, 28.99998022910257, 4808
61, 13.923495589662116, 2020
72, 16.151182964985075, 2384
163, 39.84160811481453, 5374
84, 22.3356879493654, 2766
469, 277.58859469045524, 15332
476, 305.86489630678005, 15504
881, 1123.3675735460506, 28694
577, 470.7199626605378, 18796
447, 313.7755739672387, 14644
241, 127.26696021993703, 7852
268, 110.11079566036757, 8814
133, 32.185366992851435, 4396
50, 11.27580302775331, 1654
74, 25.480606035704824, 2444
158, 41.31448449271259, 5206
50, 11.086990932922777, 1644
8, 0.7133473489516101, 270
499, 420.8175468449555, 16262
497, 370.63392318997234, 16222
1080, 1230.320618707173, 35158
796, 674.0935834845409, 26004
656, 656.0212445226298, 21432
268, 137.22843912854577, 8786
585, 451.9957182352109, 19050
76, 21.125873462619396, 2502
526, 323.3028837568448, 17118
538, 326.90804448675925, 17566
105, 28.935076488719584, 3460
256, 108.69721045197925, 8396
170, 51.990844230164285, 5606
430, 197.64068229646955, 14084
604, 578.6238956643712, 19614
59, 13.763350199672981, 1956
417, 213.5976893351803, 13674
264, 127.79924438190324, 8672
490, 208.0285880382173, 16016
680, 253.1110023687497, 22364
73, 13.852049560656752, 2418
870, 897.9781239656244, 28374
1135, 1155.03671343677, 36900
529, 173.5957941700137, 17398
613, 498.073866968922, 19958
483, 418.1182966839889, 15736
118, 38.70769870421107, 3858
550, 336.58460794011324, 18044
1292, 977.4917132322917, 42046
1292, 977.4917132322917, 42046
1292, 977.4917132322917, 42046
127, 54.37260518479817, 4176
332, 214.44273397757297, 10788
736, 515.825321603811, 24030
628, 334.7966022964541, 20542
172, 87.35085431795245, 5646
57, 13.229154266496085, 1882
58, 10.316517774140413, 1924
686, 447.22680894034096, 22446
686, 447.22680894034096, 22446
739, 328.60876753069954, 24228
15, 1.506078575926706, 504
230, 97.0251908342308, 7540
44, 6.312584236607792, 1464
115, 25.15029257423539, 3806
83, 23.24108728971598, 2726
860, 867.815544582628, 28048
59, 9.896908774801153, 1956
19, 2.231477925001063, 636
66, 16.154441461346533, 2180
31, 4.400410424932875, 1036
119, 32.31421139553456, 3920
83, 18.116905819361385, 2742
59, 16.63942509849508, 1938
59, 11.74909016734162, 1956
96, 25.39301846533841, 3166
36, 5.5175942028700105, 1198
45, 5.8802493128231355, 1506
150, 57.214106209092655, 4916
1056, 1268.5340416130362, 34336
236, 78.86844283594638, 7766
200, 87.10378424282074, 6530
82, 21.75648782197997, 2694
156, 54.877685110967555, 5108
414, 291.34412191987843, 13538
929, 521.9151219987692, 30366
359, 186.62284597714847, 11722
299, 151.8914262161984, 9742
480, 250.46403487235003, 15688
587, 525.1058493202067, 19068
190, 57.38971957760238, 6248
903, 1011.5823212228579, 29320
903, 1011.5823212228579, 29320
82, 18.176661103129742, 2726
1071, 845.8559610710975, 34916
776, 607.1545352150739, 25344
103, 27.381901923457068, 3392
1118, 1079.4812856400092, 36420
671, 639.1495970072542, 21910
671, 639.1495970072542, 21910
1267, 1191.9794048242534, 41356
153, 62.27901147241718, 5052
1084, 1208.9603593459963, 35240
337, 142.52781520319232, 11040
874, 986.5805538328867, 28518
1171, 752.6010400396854, 38322
106, 24.311633080393356, 3492
912, 865.4263910909906, 29722
426, 160.29210812536093, 13982
169, 54.87988703375471, 5562
145, 54.1350189145489, 4794
634, 404.68906452425944, 20718
272, 91.14085323952024, 8942
58, 10.274896053253537, 1926
165, 60.44075785201839, 5396
908, 620.279505604722, 29578
1073, 927.3529179969561, 34976
336, 230.01455632943748, 10968
419, 175.6701480931025, 13744
255, 86.10530514050913, 8356
218, 89.7482652394054, 7156
94, 26.77193483236888, 3092
1133, 770.4670519163534, 36912
102, 26.744180559580904, 3372
824, 931.540803629458, 26768
1058, 1170.4709990360632, 34440
845, 1060.891765833449, 27594
516, 297.13818679719776, 16870
569, 358.8993375047674, 18568
1171, 886.1597217433979, 38146
197, 71.7739708657404, 6476
216, 95.01805858585941, 7060
960, 732.8883853017754, 31320
329, 107.41703748504887, 10816
955, 1325.4461594180832, 31100
593, 253.34082803542742, 19458
377, 147.3099706021172, 12368
8, 0.6961036424893207, 270
996, 817.0698774296079, 32468
93, 25.97084805667939, 3068
337, 132.6756083527331, 11082
1118, 867.2914852020416, 36520
582, 537.7064908622333, 18920
587, 515.41723254696, 19052
692, 539.4179938359415, 22620
502, 218.64877648155488, 16480
885, 677.5391121787651, 28914
65, 16.635069049329967, 2138
1, 0.06553139246248682, 34
1422, 971.0707229228266, 46416
213, 82.28377643052801, 6972
280, 113.88587447404278, 9168
91, 32.956901783985884, 2992
765, 965.7677134200482, 24922
817, 1107.8507998344226, 26550
176, 70.66350992614171, 5792
1237, 894.2218257024631, 40420
351, 161.73985075002693, 11480
718, 471.317342729362, 23426
1473, 908.6297412003333, 48216
178, 66.48043847010271, 5848
973, 1071.5812096943562, 31640
973, 1071.5812096943562, 31640
2, 0.13877332501534845, 68
436, 250.44123511877171, 14284
621, 549.5568463149192, 20296
7, 0.4844888598616998, 238
990, 900.204303971809, 32290
990, 900.204303971809, 32290
990, 900.204303971809, 32290
990, 900.204303971809, 32290
990, 900.204303971809, 32290
89, 21.38328742872853, 2958
6, 0.41475579902088644, 204
45, 8.444820713347017, 1496
69, 17.698096813410043, 2280
148, 52.20681289020501, 4872
84, 23.099455286707503, 2784
174, 69.69046711547105, 5684
114, 40.25136542834513, 3766
180, 73.6515930096601, 5906
164, 46.44177920713315, 5416
133, 45.93316726887673, 4384
1043, 975.9171763251901, 34072
1043, 975.9171763251901, 34072
1043, 975.9171763251901, 34072
188, 82.8764556147988, 6158
146, 52.776695378100285, 4782
110, 31.195013553912666, 3616
91, 29.310079217256728, 2988
87, 20.705382076888164, 2878
174, 69.79707368137119, 5726
150, 60.959946095682504, 4916
1638, 1900.1994049828888, 53316
1638, 1900.1994049828888, 53316
78, 17.537294214232972, 2580
719, 750.7285356921842, 23382
672, 635.3025275312135, 21940
513, 429.2612268510182, 16730
503, 336.4779035157672, 16414
242, 97.98946836428532, 7908
233, 75.11535347942794, 7666
70, 14.154474987167815, 2328
1359, 1332.146048319522, 44230
1359, 1332.146048319522, 44230
688, 661.0575380557357, 22364
1677, 1080.213802866361, 54754
1677, 1080.213802866361, 54754
1677, 1080.213802866361, 54754
205, 65.57313253077766, 6752
268, 91.1209401129703, 8790
117, 36.79809876687731, 3858
118, 41.583046236050976, 3890
77, 18.642824083169376, 2546
991, 1411.6427591714044, 32324
1310, 1592.4046737140989, 42760
769, 1040.4817649635515, 24954
87, 25.829042665656658, 2868
97, 24.135523231179768, 3202
465, 302.48235450734796, 15166
465, 302.48235450734796, 15166
411, 175.4957154914939, 13450
678, 627.1141699210251, 22124
1020, 704.1114650835709, 33272
99, 19.286873684976843, 3272
725, 257.6850071166907, 23840
98, 27.04467145091821, 3238
172, 49.25905215092419, 5686
383, 162.01920808926053, 12590
574, 399.6648324798922, 18744
472, 225.32078162544633, 15410
336, 162.6825948658699, 10974
250, 91.31110906631069, 8236
247, 80.38503570055751, 8128
129, 50.902514984779394, 4224
218, 78.18237148566587, 7166
117, 29.122095755341352, 3868
170, 56.634837957674776, 5598
1629, 863.1607846496028, 53310
155, 47.79560903795874, 5098
99, 24.845533149501662, 3274
110, 32.18580335553437, 3624
119, 30.46666460538104, 3908
144, 35.16315012672078, 4772
851, 717.5223559320046, 27824
81, 14.770916389976588, 2680
80, 22.34527562436267, 2634
90, 30.35113638378506, 2968
164, 45.77115802858631, 5404
149, 44.50379701523711, 4914
163, 46.047249902033805, 5390
1351, 1497.2997246708003, 43972
1351, 1497.2997246708003, 43972
131, 30.447356247233586, 4332
78, 16.965559863905973, 2574
171, 51.3387704211187, 5616
608, 541.6313548423113, 19812
102, 31.854137496931273, 3360
77, 21.21302798432544, 2534
759, 826.2844819221949, 24724
989, 975.4216926748583, 32208
909, 860.2534008321121, 29602
64, 14.914001326367227, 2124
199, 54.42895136888244, 6566
119, 41.76986654635668, 3918
378, 171.7543442528782, 12392
4, 0.26985032354300176, 136
404, 256.006519006724, 13154
2, 0.13541274784727744, 68
455, 256.756290126992, 14842
455, 256.756290126992, 14842
469, 255.41854263603338, 15352
202, 71.56332912447117, 6640
197, 67.82893520438162, 6470
397, 184.57265012820028, 12986
397, 184.57265012820028, 12986
180, 59.8489508956788, 5940
161, 59.23686292915386, 5278
163, 47.48179076298873, 5366
106, 30.13204748861508, 3486
32, 4.993878779020707, 1060
53, 11.327203673972239, 1750
157, 70.18524518850835, 5140
517, 380.2318454231827, 16900
517, 380.2318454231827, 16900
856, 812.0180504584638, 28008
920, 1087.1178463518763, 29980
1, 0.27124014305659505, 32
925, 880.1205323933402, 30186
946, 965.1442367168761, 30800
160, 48.20842270087915, 5268
1263, 1083.690757411416, 41308
1263, 1083.690757411416, 41308
1263, 1083.690757411416, 41308
155, 48.505297771065884, 5112
91, 31.493389154031682, 2990
193, 44.138020752835374, 6396
1104, 612.3871412235072, 36116
95, 25.079334145752345, 3144
157, 45.61000250544877, 5170
88, 24.551649617580992, 2896
109, 30.75460651845362, 3580
122, 45.65604620819503, 4000
1008, 1283.362183250039, 32772
1008, 1283.362183250039, 32772
129, 40.398741801029814, 4264
294, 93.32540250056184, 9700
107, 35.68082727898298, 3514
1084, 1369.6435537952555, 35344
927, 1347.5788991934353, 30076
772, 591.2989846994767, 25202
820, 704.6118173608569, 26744
1505, 903.4142367827318, 49142
174, 63.43534877576422, 5726
141, 42.3205518361454, 4654
1123, 549.0362709310148, 36752
122, 31.560649400431384, 4020
145, 40.56506506629465, 4798
876, 469.68700700570224, 28594
115, 41.55153337096159, 3770
72, 18.439950944189295, 2374
144, 44.18510645696344, 4730
261, 103.32355995846646, 8566
1224, 1374.0421595315208, 39978
1224, 1374.0421595315208, 39978
855, 905.6727724849794, 27830
1005, 1310.7475736991482, 32682
7, 0.6826358524593323, 236
155, 66.27417588339985, 5102
703, 540.695976582273, 22864
703, 540.695976582273, 22864
703, 540.695976582273, 22864
459, 230.71948248973084, 15016
86, 21.802534361498132, 2844
49, 9.026241880104106, 1622
254, 91.5720119859399, 8364
200, 92.37006666763244, 6564
128, 32.04983737804578, 4232
565, 280.8328117766829, 18486
855, 999.8811172338081, 27850
214, 78.7656819300912, 7042
1323, 1708.44488372951, 42966
1323, 1708.44488372951, 42966
1046, 842.5151558617405, 34054
259, 107.45008367425996, 8546
1163, 1119.5854863139507, 37838
1010, 916.3000122003384, 32896
1511, 1445.5505123962275, 49266
191, 78.63203596918231, 6270
117, 34.634862163640086, 3862
799, 591.1433234679741, 26056
4, 0.277323374156633, 136
392, 285.9015059550474, 12782
32, 5.81573604901645, 1066
138, 40.66363276449852, 4524
603, 354.9914668598934, 19738
603, 533.9281558199409, 19690
658, 632.1301942182968, 21480
308, 261.27000823914415, 10052
613, 583.7390870430132, 19946
613, 583.7390870430132, 19946
