5, 13161.341007174111, 96
7, 12077.60212747985, 138
8, 9704.385019810401, 160
9, 14237.4474133655, 178
1, 1164.5829812854479, 20
9, 21171.820709041927, 174
6, 10356.128327375767, 118
8, 9269.083681144371, 160
6, 10564.715100894487, 118
1, 1224.0023017042126, 20
2, 2453.011111271309, 40
3, 3677.712073209358, 60
11, 16970.51914664007, 218
7, 15913.059590289891, 136
1, 1218.9473744188308, 20
9, 22178.374190877963, 174
4, 5078.641389196752, 80
1, 1272.312975967007, 20
1, 1272.312975967007, 20
1, 1277.5621330664108, 20
1, 1272.312975967007, 20
1, 1060.9597622529895, 20
2, 2539.0789678555, 40
1, 1272.312975967007, 20
1, 1266.9182178538288, 20
1, 1272.312975967007, 20
1, 1272.312975967007, 20
1, 1272.312975967007, 20
1, 1272.312975967007, 20
1, 1272.312975967007, 20
1, 1277.3567027969157, 20
1, 1272.312975967007, 20
7, 15859.90635342873, 136
1, 1200.4098750176902, 20
10, 15548.873795485417, 198
1, 1266.9182178538288, 20
1, 1272.312975967007, 20
1, 1266.9182178538288, 20
11, 21303.92911392085, 216
1, 1272.312975967007, 20
1, 1194.191586898818, 20
5, 6029.036152170119, 100
1, 1210.8946598045975, 20
1, 1272.312975967007, 20
1, 1277.3567027969157, 20
2, 2549.1521331324884, 40
1, 1271.7954303355727, 20
1, 1212.2922000014419, 20
2, 2539.231193820836, 40
1, 5099.3607886739655, 18
1, 5099.3607886739655, 18
1, 1266.9182178538288, 20
1, 1266.9182178538288, 20
1, 1266.9182178538288, 20
1, 1261.3806934968243, 20
1, 1277.3567027969157, 20
2, 2533.176123832397, 40
1, 1261.3806934968243, 20
1, 1261.3806934968243, 20
8, 13751.675236055724, 158
2, 2397.4905818339003, 40
1, 1243.9404283614194, 20
1, 1239.4466792476344, 20
6, 14702.46460450541, 116
2, 2481.8013340158946, 40
11, 17100.97330901791, 218
2, 2398.8291976448654, 40
1, 1212.2922000014419, 20
2, 2414.360599675811, 40
1, 1205.60255805399, 20
2, 2417.894758055432, 40
1, 1205.60255805399, 20
1, 1212.2922000014419, 20
1, 1202.0683996743696, 20
1, 1205.60255805399, 20
1, 1154.5480826926857, 20
1, 1191.7724651578194, 20
1, 1205.60255805399, 20
1, 1212.2922000014419, 20
8, 16900.758379614494, 156
8, 16900.758379614494, 156
1, 1212.2922000014419, 20
1, 1194.191586898818, 20
1, 1161.418540753184, 20
1, 1154.5480826926857, 20
2, 2315.96662344587, 40
6, 13933.137715681789, 116
1, 1168.1876218166487, 20
2, 2343.040017047594, 40
1, 1021.7028330957304, 20
1, 1168.1876218166487, 20
2, 2329.606162569833, 40
1, 1191.7724651578194, 20
1, 1191.7724651578194, 20
1, 1188.664981783792, 20
9, 17673.959363977083, 176
5, 5872.045036239631, 100
12, 17873.30322809906, 238
4, 4664.924251288818, 80
11, 16297.125680200792, 218
7, 11486.879734403266, 138
7, 11380.080988752494, 138
7, 11305.035932276078, 138
7, 11305.035932276078, 138
7, 11062.28088360083, 138
7, 14556.78666656266, 136
8, 16106.443423445578, 156
6, 14151.59331036883, 116
13, 19149.711394941558, 258
13, 19149.711394941558, 258
3, 3267.683967504266, 60
6, 6499.073362678104, 120
4, 4370.997016079095, 80
2, 2367.123993851422, 40
4, 4413.472374617326, 80
5, 5529.508969285861, 100
5, 8808.80079367847, 98
4, 7648.130160827876, 78
10, 14602.855930114301, 198
3, 3235.89875264344, 60
8, 19402.85127612085, 154
6, 6566.333937061661, 120
2, 2128.3181211740803, 40
1, 1067.3583589210907, 20
1, 1021.7028330957304, 20
6, 9236.37867478635, 118
6, 9236.37867478635, 118
2, 2128.3181211740803, 40
1, 1067.3583589210907, 20
5, 8557.407754914953, 98
7, 10767.578992445264, 138
7, 10535.687678792121, 138
10, 10653.151611501247, 200
7, 10740.314376024919, 138
9, 9907.086723201952, 180
3, 6626.005652399645, 58
8, 12317.127563709415, 158
4, 4338.580540318001, 80
4, 4382.025269317936, 80
7, 10931.690402507773, 138
5, 5394.177556189908, 100
1, 1071.193626661683, 20
5, 8680.421105008381, 98
8, 11459.714749436036, 158
7, 10642.82176021394, 138
5, 5355.392078713718, 100
2, 5356.497052179246, 38
2, 5356.497052179246, 38
2, 2109.7497259175643, 40
7, 7422.445017909708, 140
7, 7422.445017909708, 140
7, 13575.450409864907, 136
6, 9606.251787078769, 118
10, 13981.154440029086, 198
1, 1060.3637490157503, 20
3, 6312.980639722649, 58
1, 1043.9910377974832, 20
9, 9432.31854388292, 180
5, 5164.915640377805, 100
1, 1016.5240747395131, 20
10, 10139.725541098107, 200
2, 2148.2069435543613, 40
2, 2148.2069435543613, 40
1, 1068.512997206168, 20
4, 4305.759852834616, 80
10, 10608.442389802998, 200
10, 10608.442389802998, 200
9, 16083.755761608625, 176
9, 13165.388756606728, 178
10, 14111.41975463061, 198
11, 15032.32365021957, 218
7, 10455.333543662513, 138
7, 10455.333543662513, 138
6, 12465.810519690245, 116
7, 10624.159954202687, 138
5, 5533.911062699035, 100
8, 18753.213552328565, 154
8, 12318.895318243214, 158
9, 13348.371153161166, 178
9, 16739.706407114587, 176
8, 9110.543497761482, 160
8, 12374.024321380699, 158
12, 16557.670227034476, 238
4, 7937.82126673101, 78
12, 17260.074903085577, 238
12, 17260.074903085577, 238
1, 1189.801877036796, 20
2, 2384.260617612359, 40
2, 2384.260617612359, 40
2, 2384.260617612359, 40
1, 1189.801877036796, 20
2, 2384.260617612359, 40
2, 2384.260617612359, 40
1, 1189.801877036796, 20
1, 1189.801877036796, 20
3, 3585.1495427242307, 60
4, 4771.782891279431, 80
2, 2393.439758475034, 40
2, 2400.0227317787126, 40
4, 4809.105840330641, 80
3, 3612.449490227418, 60
4, 4826.950356588243, 80
4, 8480.795987329326, 78
4, 4879.132715482903, 80
5, 6100.312449001716, 100
5, 6038.937894049693, 100
2, 2361.113780227893, 40
1, 1175.047651218857, 20
2, 2361.113780227893, 40
2, 2381.0920891307633, 40
3, 3570.8939661675595, 60
1, 4746.25460334665, 18
1, 1194.458740575563, 20
6, 7173.010549325741, 120
4, 8415.353207161794, 78
2, 2361.113780227893, 40
2, 2361.113780227893, 40
1, 1175.047651218857, 20
2, 2366.9337166455534, 40
2, 2355.1415577302128, 40
4, 4688.150435082503, 80
4, 4752.3235303994525, 80
4, 8337.669226886266, 78
2, 5997.35046525889, 38
4, 4712.354677902111, 80
1, 1164.5829812854479, 20
6, 7051.985310406415, 120
5, 5860.970830053582, 100
2, 2345.643753905171, 40
3, 3559.15359637456, 60
1, 1170.0992998750587, 20
1, 1170.0992998750587, 20
1, 1170.0992998750587, 20
3, 7085.787911121243, 58
3, 7085.787911121243, 58
3, 7085.787911121243, 58
2, 2345.643753905171, 40
2, 2334.634022085182, 40
4, 4669.39634246859, 80
4, 4669.39634246859, 80
4, 4669.39634246859, 80
4, 4669.39634246859, 80
4, 4669.39634246859, 80
1, 1170.0992998750587, 20
1, 1170.0992998750587, 20
5, 5821.945837747271, 100
1, 1164.5829812854479, 20
1, 4667.769369746657, 18
1, 4755.797219584204, 18
1, 4755.797219584204, 18
2, 2366.9337166455534, 40
3, 3563.978137037121, 60
3, 3591.003862631541, 60
4, 4776.388443850808, 80
1, 1142.5636039257008, 20
3, 6880.6414563178905, 58
4, 4602.79853219171, 80
3, 3475.7560549873047, 60
2, 2322.8452113013454, 40
3, 3460.2349282660093, 60
4, 4623.552285236793, 80
5, 5764.408905630705, 100
2, 2326.919701191438, 40
2, 2326.919701191438, 40
4, 4663.606120686231, 80
2, 2304.6749064242526, 40
1, 1157.9050106736654, 20
2, 2320.681335967197, 40
1, 1169.0146905177726, 20
4, 4643.824731711914, 80
3, 3452.6184885467014, 60
4, 4599.388384297288, 80
2, 2342.9247847190336, 40
1, 1169.0146905177726, 20
2, 2342.9247847190336, 40
2, 2342.9247847190336, 40
1, 4708.031487608927, 18
3, 3500.8297953926995, 60
4, 4682.8868197763595, 80
4, 4682.8868197763595, 80
2, 2352.5880824366823, 40
1, 1266.9182178538288, 20
2, 2336.6864194947925, 40
4, 4727.402755852032, 80
5, 5907.496662363389, 100
5, 5907.496662363389, 100
1, 1224.0023017042126, 20
1, 1224.0023017042126, 20
1, 1277.3567027969157, 20
1, 1266.9182178538288, 20
4, 5035.577566823233, 80
1, 1224.0023017042126, 20
1, 1277.5621330664108, 20
1, 1224.0023017042126, 20
1, 1272.312975967007, 20
4, 5078.641389196752, 80
5, 6324.393332951609, 100
1, 1272.312975967007, 20
1, 1272.312975967007, 20
1, 1224.0023017042126, 20
2, 2442.861508955708, 40
1, 1272.312975967007, 20
2, 2442.861508955708, 40
2, 2442.861508955708, 40
4, 4863.935824047525, 80
5, 6110.511449136815, 100
4, 8494.648367584825, 78
4, 4799.566460437052, 80
6, 7262.344055911279, 120
1, 4923.050274141407, 18
1, 4923.050274141407, 18
5, 6171.527129521978, 100
1, 1224.0023017042126, 20
1, 1272.312975967007, 20
1, 1272.312975967007, 20
1, 1224.0023017042126, 20
1, 1224.0023017042126, 20
1, 1224.0023017042126, 20
1, 1266.9182178538288, 20
1, 1233.8761510842542, 20
3, 3685.816395669287, 60
1, 4884.190848121528, 18
1, 4923.050274141407, 18
3, 3655.1820385544315, 60
5, 6131.539954682851, 100
6, 7275.289772728701, 120
2, 6215.809401365963, 38
2, 2512.1017995282155, 40
4, 4927.738999415498, 80
3, 3688.5377438271335, 60
7, 8628.60452407778, 140
4, 8581.027771593595, 78
1, 1218.9473744188308, 20
3, 7345.559574850172, 58
3, 7538.456635863827, 58
7, 8757.190749799007, 140
10, 12456.571831951345, 200
1, 1224.0023017042126, 20
1, 1224.0023017042126, 20
1, 1224.0023017042126, 20
1, 1224.0023017042126, 20
1, 1224.0023017042126, 20
1, 1224.0023017042126, 20
2, 2453.011111271309, 40
2, 2453.011111271309, 40
2, 2539.0789678555, 40
3, 7569.765689975137, 58
1, 1272.312975967007, 20
1, 1224.0023017042126, 20
2, 2458.8528659578624, 40
1, 1272.312975967007, 20
1, 1224.0023017042126, 20
2, 2458.8528659578624, 40
2, 2442.861508955708, 40
1, 1212.2922000014419, 20
1, 1224.0023017042126, 20
1, 1266.9182178538288, 20
1, 1272.312975967007, 20
1, 1272.312975967007, 20
1, 1272.312975967007, 20
1, 1272.312975967007, 20
1, 1261.3806934968243, 20
4, 5050.977138191365, 80
1, 1076.33306123868, 20
5, 5350.088255498956, 100
5, 5324.805521195802, 100
2, 2118.3159063183316, 40
4, 4224.6128998346185, 80
1, 1272.312975967007, 20
1, 1272.312975967007, 20
1, 1272.312975967007, 20
1, 1277.3567027969157, 20
2, 2549.1521331324884, 40
1, 1075.2879378037965, 20
2, 2156.5680433824587, 40
2, 2161.316206277304, 40
1, 1075.2879378037965, 20
3, 3253.3840909815644, 60
2, 2518.164323788058, 40
1, 1245.2321133700787, 20
3, 3751.8181861366415, 60
1, 1245.2321133700787, 20
3, 7439.481759140637, 58
1, 1261.3806934968243, 20
1, 1261.3806934968243, 20
4, 5013.198879633466, 80
2, 2213.086145755198, 40
1, 1101.2272839767154, 20
2, 2533.176123832397, 40
1, 1266.9182178538288, 20
1, 1266.9182178538288, 20
1, 1271.7954303355727, 20
1, 1277.3567027969157, 20
2, 2539.231193820836, 40
1, 5099.3607886739655, 18
1, 1200.4098750176902, 20
1, 1200.4098750176902, 20
2, 2560.1295948531174, 40
5, 6129.060827035678, 100
6, 10936.30678421553, 118
5, 9787.072149219703, 98
2, 2463.6126792570576, 40
1, 1200.4098750176902, 20
1, 1200.4098750176902, 20
1, 1021.7028330957304, 20
4, 4121.095888078702, 80
4, 4121.095888078702, 80
2, 2065.8795542102675, 40
3, 3082.678469444235, 60
2, 2060.685987044658, 40
1, 1200.4098750176902, 20
2, 2411.304534822288, 40
1, 1200.4098750176902, 20
2, 2406.9191414559327, 40
1, 1200.4098750176902, 20
1, 1200.4098750176902, 20
1, 1200.4098750176902, 20
5, 5964.071165608543, 100
5, 6006.649202143148, 100
1, 4792.705582417692, 18
1, 1195.9242532193973, 20
1, 1206.5092664382425, 20
2, 2418.9961432562895, 40
2, 2418.9961432562895, 40
4, 4816.787014400799, 80
2, 2418.9961432562895, 40
2, 2406.9191414559327, 40
1, 1206.5092664382425, 20
1, 1225.3206223767525, 20
2, 2460.8670129955267, 40
2, 2460.8670129955267, 40
1, 1225.3206223767525, 20
1, 1225.3206223767525, 20
4, 4851.859088860954, 80
1, 1210.8946598045975, 20
2, 2418.9961432562895, 40
1, 1206.5092664382425, 20
1, 1194.191586898818, 20
4, 4768.146912389147, 80
6, 7158.13145559427, 120
2, 2377.874849629108, 40
1, 1194.191586898818, 20
1, 1208.600614991328, 20
1, 1200.4098750176902, 20
2, 2406.9191414559327, 40
2, 2406.9191414559327, 40
1, 1200.4098750176902, 20
2, 2411.304534822288, 40
2, 2411.304534822288, 40
1, 1200.4098750176902, 20
1, 1200.4098750176902, 20
1, 1200.4098750176902, 20
1, 1210.8946598045975, 20
2, 2411.304534822288, 40
2, 2398.8291976448654, 40
3, 3609.7238574494622, 60
2, 2394.601461916508, 40
2, 2406.9191414559327, 40
1, 1205.60255805399, 20
1, 1200.4098750176902, 20
1, 1210.8946598045975, 20
4, 4834.844565271302, 80
4, 4901.086338949359, 80
4, 4901.086338949359, 80
2, 2440.0737598847873, 40
2, 2481.8013340158946, 40
1, 1243.9404283614194, 20
4, 4942.813913080466, 80
3, 3649.2364258933976, 60
1, 4876.719610824009, 18
5, 6069.964562945674, 100
2, 2440.0737598847873, 40
2, 6141.9782804199895, 38
1, 1239.4466792476344, 20
3, 3667.980117365103, 60
5, 6133.324207950208, 100
4, 4893.300739741856, 80
4, 4918.308391717927, 80
3, 3675.882829227807, 60
3, 3675.882829227807, 60
3, 3675.882829227807, 60
2, 2419.6534269783283, 40
4, 4851.859088860954, 80
2, 2436.32681831031, 40
2, 2432.2056618826264, 40
2, 2415.5322705506446, 40
2, 2440.3364386090334, 40
1, 1208.600614991328, 20
1, 1215.015816232281, 20
1, 1225.3206223767525, 20
3, 7343.5162155257285, 58
1, 1215.015816232281, 20
1, 1215.015816232281, 20
4, 4867.802960886495, 80
4, 4867.802960886495, 80
1, 1194.191586898818, 20
4, 4810.133732467152, 80
4, 4810.133732467152, 80
2, 6037.411262153316, 38
1, 1198.2625603790675, 20
1, 1191.7724651578194, 20
5, 6015.7198564348655, 100
5, 6015.7198564348655, 100
2, 2397.4905818339003, 40
1, 1212.2922000014419, 20
1, 1212.2922000014419, 20
1, 1202.0683996743696, 20
5, 6064.265395848687, 100
1, 1212.2922000014419, 20
2, 2417.894758055432, 40
1, 1212.2922000014419, 20
2, 2414.360599675811, 40
1, 4856.0388834263495, 18
1, 1205.60255805399, 20
1, 1168.1876218166487, 20
1, 1205.60255805399, 20
1, 1205.60255805399, 20
1, 1160.5068789566426, 20
4, 4650.007390712901, 80
2, 2335.4602078363223, 40
3, 3485.533450638227, 60
1, 1174.8523952309454, 20
1, 4691.722533869128, 18
4, 4665.37018870349, 80
2, 2343.040017047594, 40
1, 1168.1876218166487, 20
1, 1161.418540753184, 20
1, 1154.5480826926857, 20
2, 2329.606162569833, 40
2, 2315.96662344587, 40
1, 4638.598420040634, 18
4, 8104.582857663182, 78
1, 1157.856231581222, 20
1, 1154.5480826926857, 20
3, 3470.410798223994, 60
6, 6915.776080360868, 120
6, 6915.776080360868, 120
1, 1191.7724651578194, 20
2, 2288.2695788954493, 40
3, 3527.248593794475, 60
1, 1191.7724651578194, 20
3, 3571.4449563387666, 60
2, 2301.510497547874, 40
2, 2356.801350969446, 40
2, 5819.286397017125, 38
5, 5892.787692576005, 100
1, 1157.8960640146881, 20
1, 1157.8960640146881, 20
2, 2309.734683350175, 40
4, 4620.72810653964, 80
4, 4620.72810653964, 80
4, 4620.72810653964, 80
1, 1145.6730755478166, 20
1, 4573.659325917168, 18
1, 1145.6730755478166, 20
1, 1145.6730755478166, 20
4, 4591.345241525669, 80
4, 4616.306040956994, 80
2, 2297.511694883304, 40
5, 5743.693339382375, 100
1, 1147.150737945575, 20
1, 1145.6730755478166, 20
1, 1141.1348425388073, 20
2, 2288.2855804843825, 40
2, 2367.123993851422, 40
2, 5932.984672742977, 38
1, 1188.664981783792, 20
1, 1181.4099308018801, 20
1, 1181.4099308018801, 20
5, 5909.416299092876, 100
5, 5909.416299092876, 100
1, 1160.5068789566426, 20
2, 2348.376601522538, 40
4, 4675.750564226828, 80
1, 1160.5068789566426, 20
2, 2348.376601522538, 40
2, 2276.1476310338658, 40
2, 2344.257417508536, 40
2, 2344.257417508536, 40
2, 2344.257417508536, 40
2, 2344.257417508536, 40
2, 2348.376601522538, 40
4, 4701.058768477982, 80
2, 2359.86679816885, 40
4, 8276.341018217425, 78
4, 8276.341018217425, 78
7, 8426.219246855544, 140
4, 4774.2598215018525, 80
6, 7092.042738510781, 120
2, 2343.1855020302396, 40
2, 2343.1855020302396, 40
1, 1174.5855805028866, 20
1, 1168.5999215273532, 20
1, 1141.1348425388073, 20
4, 4555.049920768705, 80
4, 4530.860026636529, 80
4, 4530.860026636529, 80
2, 2263.800053665354, 40
3, 3388.117206942286, 60
2, 2259.32994177199, 40
1, 1135.0127884950582, 20
2, 2280.685864042875, 40
2, 2280.685864042875, 40
4, 4548.875295371374, 80
2, 2343.1855020302396, 40
1, 1168.5999215273532, 20
1, 1168.5999215273532, 20
1, 4535.544028049773, 18
2, 2268.4842023317683, 40
2, 2278.6051805434467, 40
2, 2326.495985542041, 40
2, 2228.4535105399414, 40
3, 3359.898114225949, 60
2, 2211.668472216064, 40
3, 3349.101902090559, 60
3, 3328.1739509661134, 60
2, 2338.428265746777, 40
4, 4664.924251288818, 80
2, 2343.1855020302396, 40
3, 3474.796543096248, 60
1, 1163.8426852438904, 20
6, 6977.9112347330965, 120
6, 6977.9112347330965, 120
4, 4688.55969859462, 80
2, 2355.0412427327424, 40
2, 2338.428265746777, 40
2, 2318.79434607369, 40
2, 2183.387613322078, 40
1, 1094.9022655442934, 20
2, 2335.619528787138, 40
2, 2318.79434607369, 40
5, 5820.093115542073, 100
4, 4640.83604542551, 80
4, 4683.476520431054, 80
4, 4683.476520431054, 80
2, 2196.129549521009, 40
2, 2200.386228862128, 40
4, 4413.472374617326, 80
4, 4413.472374617326, 80
4, 4640.83604542551, 80
2, 2276.1476310338658, 40
4, 4548.875295371374, 80
1, 4573.659325917168, 18
1, 4535.544028049773, 18
2, 2261.9253071383714, 40
3, 3425.755918489022, 60
1, 1131.3826383265573, 20
2, 2256.9388475063374, 40
1, 1131.3826383265573, 20
5, 5659.096148747344, 100
2, 2250.020103663397, 40
5, 5611.783207456125, 100
5, 5611.783207456125, 100
4, 4492.158346118458, 80
2, 2223.5456929107795, 40
4, 4468.726763428225, 80
4, 4425.413629597603, 80
1, 1119.6248613376658, 20
3, 3349.101902090559, 60
2, 2201.867936686824, 40
4, 4425.413629597603, 80
1, 1098.0114593143958, 20
2, 2201.867936686824, 40
1, 1098.0114593143958, 20
3, 3298.9079932209306, 60
1, 4401.747816234719, 18
2, 5488.92586211727, 38
2, 5488.92586211727, 38
2, 2241.423156418742, 40
3, 3394.6665425262595, 60
3, 6724.055356372629, 58
3, 6724.055356372629, 58
4, 4515.168997429877, 80
4, 7766.880395090251, 78
3, 3400.646922540633, 60
2, 2290.2296516412325, 40
7, 8039.299565246051, 140
7, 8039.299565246051, 140
5, 5701.424267754064, 100
3, 6904.832552915746, 58
4, 4625.020575129483, 80
5, 5809.964312425645, 100
2, 5758.316379000427, 38
1, 1186.207427074641, 20
4, 4711.731482412807, 80
1, 1169.675770617988, 20
2, 2345.06839310831, 40
2, 2361.600049564963, 40
2, 2361.600049564963, 40
2, 5957.461413314981, 38
1, 1158.8533405159749, 20
4, 4732.436402498763, 80
1, 1158.8533405159749, 20
1, 4668.456455834416, 18
1, 1164.5347222101234, 20
1, 4668.456455834416, 18
1, 4668.456455834416, 18
2, 2328.529111133963, 40
1, 4668.456455834416, 18
4, 4691.017205416992, 80
4, 4756.640784323104, 80
4, 4778.35687229795, 80
5, 5931.773907697126, 100
4, 4821.82677397037, 80
3, 3543.00194106254, 60
3, 7232.523339955645, 58
3, 7232.523339955645, 58
8, 9625.84474097548, 160
2, 2183.387613322078, 40
2, 2183.387613322078, 40
2, 2179.198619726482, 40
1, 1088.4853477777847, 20
2, 2179.198619726482, 40
1, 1094.9022655442934, 20
2, 2166.416759875338, 40
4, 4319.874742951622, 80
2, 2166.416759875338, 40
2, 2166.416759875338, 40
3, 3241.9433308540692, 60
1, 1052.3804145086413, 20
2, 2094.104636337443, 40
4, 4200.40162985373, 80
4, 4200.40162985373, 80
4, 4212.5579526515785, 80
2, 2077.2945416932403, 40
4, 4345.615379601819, 80
3, 3257.1300318240346, 60
1, 1088.4853477777847, 20
2, 2170.4644842604052, 40
3, 3231.3893951738373, 60
1, 1094.9022655442934, 20
2, 2196.129549521009, 40
1, 1101.2272839767154, 20
2, 2196.129549521009, 40
1, 1046.1733320687972, 20
3, 6346.06176599306, 58
3, 6346.06176599306, 58
5, 5232.619109736958, 100
5, 5232.619109736958, 100
1, 1094.9022655442934, 20
2, 2191.7983963526135, 40
1, 1094.9022655442934, 20
4, 4370.997016079095, 80
3, 3269.7697321023793, 60
1, 1094.9022655442934, 20
2, 2196.129549521009, 40
2, 2191.7983963526135, 40
1, 1111.8588617784824, 20
2, 2213.086145755198, 40
1, 1111.8588617784824, 20
2, 2217.342825096317, 40
1, 1111.8588617784824, 20
2, 2217.342825096317, 40
1, 1101.2272839767154, 20
4, 4413.472374617326, 80
4, 4413.472374617326, 80
2, 2200.386228862128, 40
1, 1094.9022655442934, 20
2, 2200.386228862128, 40
1, 1094.9022655442934, 20
2, 2196.129549521009, 40
2, 2217.342825096317, 40
3, 3333.379419764852, 60
1, 1105.4839633178347, 20
1, 1105.4839633178347, 20
3, 3288.8715766399127, 60
2, 2204.499397751775, 40
2, 2204.499397751775, 40
4, 4430.052837479035, 80
3, 3311.4366957952284, 60
4, 4403.892622370012, 80
2, 2191.4713610087238, 40
2, 2204.499397751775, 40
2, 2183.387613322078, 40
1, 4387.8870110738635, 18
2, 2183.387613322078, 40
2, 2187.500782211725, 40
2, 2178.264013271393, 40
1, 1088.4853477777847, 20
4, 4361.9358452691295, 80
1, 1088.4853477777847, 20
1, 1088.4853477777847, 20
1, 1088.4853477777847, 20
2, 2170.4644842604052, 40
1, 1122.4609677519531, 20
4, 4455.840387516805, 80
3, 3384.2768640430277, 60
1, 1063.0308206645275, 20
1, 1133.0286311207788, 20
3, 3384.2768640430277, 60
4, 4481.244570915926, 80
4, 4483.385055319749, 80
1, 1128.7872651702958, 20
4, 4540.175424290103, 80
4, 4498.081407718608, 80
3, 3362.5764691036, 60
4, 4513.988533262898, 80
1, 1116.036594668535, 20
1, 4472.093314162333, 18
4, 4453.498370797047, 80
1, 1139.402166158203, 20
4, 4563.839601170257, 80
1, 1139.402166158203, 20
2, 2268.189431328499, 40
2, 2268.189431328499, 40
2, 2285.07524170602, 40
3, 3466.776878776293, 60
3, 3466.776878776293, 60
4, 4633.64396252394, 80
1, 1149.9770942939413, 20
2, 2272.4307972789816, 40
3, 6817.212916264766, 58
1, 4608.081068940112, 18
3, 6853.315333412811, 58
6, 6790.573956153274, 120
2, 2162.2277662797414, 40
1, 1084.2963541821885, 20
2, 2157.9673405458866, 40
1, 1084.2963541821885, 20
1, 1084.2963541821885, 20
1, 1084.2963541821885, 20
1, 1084.2963541821885, 20
1, 1084.2963541821885, 20
2, 2174.867466558086, 40
2, 2174.867466558086, 40
2, 2174.867466558086, 40
2, 2174.867466558086, 40
1, 1090.5711123758977, 20
3, 3273.3525041638127, 60
2, 2191.7983963526135, 40
2, 2187.324235690305, 40
1, 1096.7531233144073, 20
4, 4396.0093144059665, 80
3, 3199.7969677677443, 60
2, 2128.3181211740803, 40
3, 3185.088942640359, 60
1, 1060.9597622529895, 20
1, 1067.3583589210907, 20
2, 2128.3181211740803, 40
2, 2132.4386088466536, 40
1, 1067.3583589210907, 20
4, 4277.728379865297, 80
1, 4303.257111564534, 18
4, 4277.728379865297, 80
2, 2136.4200596311493, 40
2, 2153.566115479486, 40
1, 1079.8951291157878, 20
3, 3237.8624696616744, 60
1, 1079.8951291157878, 20
4, 4285.800953711883, 80
2, 2165.923397589295, 40
1, 1079.8951291157878, 20
1, 4353.247633279611, 18
4, 4328.433582037572, 80
2, 2141.029345284789, 40
3, 3267.219364806093, 60
2, 2141.029345284789, 40
4, 4260.830987415596, 80
2, 2094.104636337443, 40
1, 1056.7708214662791, 20
1, 1076.33306123868, 20
4, 4271.97066828417, 80
1, 1075.2879378037965, 20
1, 4267.531052395127, 18
1, 1075.2879378037965, 20
1, 1075.2879378037965, 20
1, 1086.0282684735075, 20
3, 3227.049158475508, 60
4, 4334.664196560226, 80
4, 4310.415352960961, 80
1, 1092.9792867485621, 20
4, 4382.025269317936, 80
2, 2180.1573326311127, 40
2, 2180.1573326311127, 40
1, 1092.9792867485621, 20
2, 2175.0694331967707, 40
4, 4310.415352960961, 80
3, 3207.522776036193, 60
3, 3192.2431145913165, 60
2, 2199.592946328196, 40
3, 3291.6608310324555, 60
2, 2199.592946328196, 40
6, 6649.095440908398, 120
3, 3317.802107354668, 60
4, 4377.689099505963, 80
3, 3257.991282293555, 60
1, 1101.2272839767154, 20
1, 1101.2272839767154, 20
1, 1101.2272839767154, 20
1, 1101.2272839767154, 20
1, 1101.2272839767154, 20
1, 1101.2272839767154, 20
2, 2213.086145755198, 40
4, 4396.0093144059665, 80
1, 4438.681416709341, 18
3, 3337.454132732622, 60
2, 2208.6850787156613, 40
1, 1107.4577947389457, 20
2, 2229.996337993676, 40
2, 2229.996337993676, 40
2, 2246.9247413854896, 40
3, 3339.8037928482704, 60
4, 4506.254683157481, 80
3, 3354.313491270608, 60
4, 4491.058607288499, 80
2, 2254.712395602663, 40
2, 2225.59527095414, 40
4, 4463.503613532386, 80
1, 4487.92844624165, 18
1, 1092.9792867485621, 20
1, 1092.9792867485621, 20
4, 4338.580540318001, 80
3, 3284.013810003541, 60
3, 3284.013810003541, 60
2, 2175.0694331967707, 40
2, 2175.0694331967707, 40
1, 1082.090146448208, 20
2, 2191.660648312712, 40
2, 2191.660648312712, 40
1, 1082.090146448208, 20
1, 4361.500740977959, 18
5, 5509.399367002416, 100
1, 1081.280105578662, 20
1, 1087.749946217043, 20
2, 2186.431307781193, 40
2, 2186.431307781193, 40
2, 2181.0599893447347, 40
4, 4384.023162340979, 80
4, 4340.200889057153, 80
2, 2181.0599893447347, 40
1, 1082.090146448208, 20
4, 4317.844494951228, 80
2, 2169.8400926652516, 40
1, 1082.090146448208, 20
2, 2158.4232076868884, 40
1, 1071.193626661683, 20
3, 3230.094548734184, 60
2, 2164.560721841336, 40
2, 2169.8400926652516, 40
3, 3244.7912126998917, 60
3, 3244.7912126998917, 60
1, 4315.272327792955, 18
4, 4338.580540318001, 80
3, 3260.526036165472, 60
3, 3260.526036165472, 60
1, 1081.280105578662, 20
2, 2173.3479902829217, 40
1, 1081.280105578662, 20
2, 2180.1573326311127, 40
1, 1087.1780458825504, 20
4, 4358.537495479868, 80
1, 1092.0678847042595, 20
2, 2163.5111071212305, 40
1, 1087.1780458825504, 20
1, 1087.1780458825504, 20
1, 1087.1780458825504, 20
2, 2180.1573326311127, 40
2, 2080.104841040548, 40
4, 4138.7456053514325, 80
2, 2080.104841040548, 40
3, 3112.3672457963166, 60
2, 2063.463571748069, 40
3, 3124.149528526924, 60
2, 2080.104841040548, 40
1, 1043.0196288475936, 20
1, 1048.8674949235608, 20
1, 1043.0196288475936, 20
2, 2091.8871237711546, 40
3, 6254.46945665859, 58
2, 2072.7908128068725, 40
2, 2089.5188556281314, 40
2, 2068.151803171025, 40
2, 2084.8798459922837, 40
4, 4205.341731328738, 80
1, 1037.085212192954, 20
2, 2068.151803171025, 40
3, 3129.9487187684126, 60
2, 2096.798797859436, 40
1, 1048.8674949235608, 20
3, 3179.782955878467, 60
2, 2136.6746800683823, 40
4, 4251.595334952856, 80
1, 1065.4810534066992, 20
2, 2125.15649195244, 40
2, 2136.6746800683823, 40
1, 1065.4810534066992, 20
2, 2114.9206548844736, 40
2, 2125.15649195244, 40
1, 1054.6264639260269, 20
1, 1054.6264639260269, 20
2, 5288.944641760477, 38
2, 5288.944641760477, 38
4, 4295.09788775527, 80
1, 4228.650450802031, 18
2, 2113.4546075575827, 40
1, 1048.8674949235608, 20
3, 3195.63760704549, 60
1, 1071.193626661683, 20
1, 1071.193626661683, 20
1, 1071.193626661683, 20
1, 1071.193626661683, 20
1, 1071.193626661683, 20
1, 1049.385976901814, 20
4, 4143.180906370176, 80
2, 2087.803395536281, 40
2, 2071.4820201622942, 40
1, 1049.385976901814, 20
6, 6241.218430653504, 120
5, 5246.057698421817, 100
1, 4142.238950002188, 18
1, 1038.4174186344671, 20
2, 2076.359395791912, 40
4, 4295.09788775527, 80
2, 2131.48781762013, 40
1, 1049.385976901814, 20
1, 4230.140330741464, 18
1, 1060.2941909584467, 20
1, 4274.166928091121, 18
1, 4274.166928091121, 18
2, 2126.16252580514, 40
2, 2104.072428273797, 40
1, 1049.385976901814, 20
4, 4186.16747567074, 80
2, 2126.16252580514, 40
2, 2148.004402285976, 40
1, 1071.193626661683, 20
2, 2120.3906048239123, 40
2, 2120.3906048239123, 40
2, 2131.48781762013, 40
1, 1071.3465603103507, 20
1, 1071.3465603103507, 20
1, 1071.3465603103507, 20
1, 1065.868334846693, 20
3, 3241.4259890039893, 60
2, 2137.2148951570434, 40
2, 2137.2148951570434, 40
1, 1071.3465603103507, 20
1, 4274.166928091121, 18
1, 1071.193626661683, 20
3, 3230.334526374102, 60
1, 1071.193626661683, 20
2, 2148.004402285976, 40
2, 2148.004402285976, 40
4, 4208.090475147908, 80
1, 1060.3637490157503, 20
1, 1060.3637490157503, 20
1, 1060.3637490157503, 20
1, 1060.3637490157503, 20
1, 1060.3637490157503, 20
1, 1060.3637490157503, 20
2, 2109.7497259175643, 40
1, 1060.3637490157503, 20
1, 1060.3637490157503, 20
1, 1011.2672922639734, 20
3, 3050.1100035584996, 60
2, 2028.020018590119, 40
2, 2028.020018590119, 40
1, 1060.3637490157503, 20
6, 6083.891567059102, 120
1, 1060.3637490157503, 20
4, 4208.667763968702, 80
2, 2093.3770146992974, 40
1, 1043.9910377974832, 20
1, 1049.385976901814, 20
4, 4208.667763968702, 80
2, 2115.290749269404, 40
2, 2126.06790246768, 40
4, 4274.141002956758, 80
2, 2126.06790246768, 40
2, 2115.290749269404, 40
1, 1060.3637490157503, 20
3, 3039.0548858702255, 60
2, 2011.729861609873, 40
1, 1000.4625693458999, 20
1, 1000.4625693458999, 20
1, 1000.4625693458999, 20
1, 1011.2672922639734, 20
1, 1011.2672922639734, 20
1, 1000.4625693458999, 20
4, 4034.3843979410512, 80
3, 3039.309899299493, 60
2, 2131.7103093261007, 40
2, 2115.290749269404, 40
2, 2131.7103093261007, 40
1, 1049.385976901814, 20
1, 1049.385976901814, 20
1, 1049.385976901814, 20
1, 1049.385976901814, 20
3, 3126.4416162271245, 60
1, 1049.385976901814, 20
1, 1049.385976901814, 20
1, 1049.385976901814, 20
3, 3191.3365408920954, 60
3, 3191.3365408920954, 60
1, 1065.7041534519296, 20
1, 1070.9459360681828, 20
1, 1065.7041534519296, 20
1, 1065.7041534519296, 20
1, 1065.7041534519296, 20
2, 2120.3906048239123, 40
3, 3180.7543538396626, 60
4, 4251.226763643174, 80
4, 4316.221233586227, 80
2, 2136.6500895201125, 40
2, 2126.06790246768, 40
3, 3175.4538793694937, 60
2, 2137.2148951570434, 40
1, 1071.3465603103507, 20
1, 1065.868334846693, 20
1, 1071.3465603103507, 20
1, 1071.3465603103507, 20
1, 1071.3465603103507, 20
1, 1060.3637490157503, 20
4, 4252.505644426447, 80
4, 4295.382587347982, 80
4, 4339.5477632424145, 80
1, 4318.152529182718, 18
2, 2175.6401672158167, 40
1, 1065.868334846693, 20
4, 4296.355794869462, 80
1, 1065.868334846693, 20
3, 3214.0256707813373, 60
4, 4230.485720397134, 80
2, 2104.3231945919947, 40
1, 1054.9270002536537, 20
1, 1054.9270002536537, 20
2, 2104.3231945919947, 40
1, 4186.81811391751, 18
1, 1043.9910377974832, 20
2, 2120.7953351003466, 40
2, 2109.6903852967876, 40
2, 2109.6903852967876, 40
2, 2109.6903852967876, 40
1, 1060.2941909584467, 20
5, 5245.623370730387, 100
4, 4121.142014452712, 80
2, 2055.016747407846, 40
3, 3115.2042698925943, 60
2, 2049.711370485212, 40
2, 2044.3741118429762, 40
1, 4099.590445711401, 18
2, 5127.052581287202, 38
2, 5127.052581287202, 38
2, 5127.052581287202, 38
1, 1060.2941909584467, 20
2, 2093.1698202634348, 40
4, 4164.600464230935, 80
2, 2126.16252580514, 40
2, 2126.16252580514, 40
1, 1060.2941909584467, 20
1, 1016.5240747395131, 20
3, 3066.1379426559206, 60
3, 3066.1379426559206, 60
3, 3076.6679773447504, 60
1, 1027.4621355758004, 20
4, 4098.370810440481, 80
1, 1021.7028330957304, 20
2, 2027.7804316933668, 40
2, 2006.364379350932, 40
4, 4056.0626256256382, 80
1, 1005.9018100050322, 20
2, 2148.2069435543613, 40
1, 1011.2563569538534, 20
2, 2148.2069435543613, 40
1, 1011.2563569538534, 20
1, 1011.2563569538534, 20
1, 1011.2563569538534, 20
2, 2148.2069435543613, 40
2, 2148.2069435543613, 40
1, 1079.6939463481935, 20
1, 1068.512997206168, 20
2, 2116.3580849900513, 40
5, 5248.415941531712, 100
3, 3189.604663439576, 60
1, 1079.6939463481935, 20
1, 1079.6939463481935, 20
2, 2148.2069435543613, 40
3, 3199.027902285766, 60
3, 3217.392269876478, 60
2, 2144.2204555197613, 40
2, 2150.8947373431847, 40
3, 3248.84558889944, 60
1, 4297.298973293859, 18
1, 1082.164242924443, 20
6, 6499.677401682338, 120
6, 6499.677401682338, 120
1, 1086.4937201029618, 20
5, 5408.217381827971, 100
4, 4324.234255255251, 80
1, 1061.9731219100834, 20
3, 6357.97840634884, 58
4, 4279.365391786561, 80
4, 4279.365391786561, 80
5, 5504.935701854588, 100
1, 1090.881763362353, 20
7, 7692.082231173144, 140
2, 2186.478534983156, 40
5, 5505.149117789426, 100
3, 6567.248706005794, 58
1, 1093.4238178302717, 20
2, 5469.435082385897, 38
2, 2189.158246862333, 40
1, 1097.2178716697265, 20
1, 1097.2178716697265, 20
4, 4376.228765502504, 80
2, 2192.9539234077656, 40
1, 1090.881763362353, 20
2, 2176.9387337873645, 40
4, 4377.600905988161, 80
4, 4331.53179498524, 80
1, 4350.553576254883, 18
2, 2170.5757097105466, 40
1, 1095.5967716208024, 20
4, 4331.53179498524, 80
2, 2176.9387337873645, 40
1, 4350.553576254883, 18
1, 1068.512997206168, 20
5, 5184.6973849888445, 100
3, 6301.1833562938045, 58
4, 4203.406663105629, 80
4, 4118.983574472744, 80
3, 3101.415576451275, 60
5, 5171.90580892603, 100
2, 2096.7515191067528, 40
1, 1042.8400793677047, 20
5, 5205.850972810539, 100
1, 1043.6776287624753, 20
3, 6286.970868271231, 58
3, 3125.2024279975144, 60
1, 1043.6776287624753, 20
1, 1032.6817670294367, 20
3, 6201.750248543238, 58
2, 2054.3846001251673, 40
1, 1059.8902227510785, 20
6, 6353.2721459039, 120
3, 3178.7967262581324, 60
2, 2134.993824314924, 40
4, 4292.205243304339, 80
4, 4207.097335091139, 80
1, 4271.91805387154, 18
1, 1068.512997206168, 20
1, 1068.512997206168, 20
3, 6734.900213356157, 58
1, 1109.061507347467, 20
2, 2206.8367013165084, 40
1, 1109.061507347467, 20
3, 6729.277317949182, 58
5, 5574.92502879791, 100
1, 1120.3483071692247, 20
4, 4432.286178482409, 80
4, 4450.05336528807, 80
2, 2227.3975798397632, 40
6, 6708.901866826822, 120
1, 1141.8026341870764, 20
5, 5708.87496559861, 100
5, 5708.87496559861, 100
1, 1141.8026341870764, 20
2, 2278.519753989913, 40
4, 4534.812815717425, 80
1, 1130.6744721721507, 20
4, 4533.709972118233, 80
4, 4533.709972118233, 80
4, 4533.709972118233, 80
4, 4533.709972118233, 80
4, 4533.709972118233, 80
1, 1068.512997206168, 20
1, 1130.6744721721507, 20
2, 2256.2930617275115, 40
1, 1125.618589555361, 20
2, 2266.2887483757945, 40
2, 2256.2930617275115, 40
2, 2266.2887483757945, 40
1, 1130.6744721721507, 20
2, 2256.2930617275115, 40
1, 1130.6744721721507, 20
3, 3398.095695914588, 60
5, 5695.2969447173255, 100
5, 5695.2969447173255, 100
5, 5695.2969447173255, 100
1, 1135.6142762036443, 20
2, 2272.477106359227, 40
1, 1135.6142762036443, 20
2, 2282.3841719542315, 40
1, 1146.7698957505875, 20
2, 2266.2887483757945, 40
1, 1120.448988973924, 20
5, 8946.947367402672, 98
5, 8946.947367402672, 98
3, 3232.588038477899, 60
4, 4514.300447980288, 80
4, 4558.592703626191, 80
2, 2257.7166942280796, 40
3, 3410.7964733767035, 60
1, 1098.768029192391, 20
2, 2202.8895374315525, 40
2, 2202.8895374315525, 40
4, 7691.074844984088, 78
4, 7691.074844984088, 78
3, 3318.0575912345407, 60
5, 5575.717683174204, 100
5, 5575.717683174204, 100
5, 5575.717683174204, 100
2, 2235.6170427769116, 40
2, 2219.2895620421496, 40
1, 1115.1680538029877, 20
1, 1126.200944579913, 20
2, 2141.684811562885, 40
4, 4647.442572710162, 80
6, 6823.170539921304, 120
5, 5740.8271586240535, 100
4, 4305.759852834616, 80
2, 2164.0750412717307, 40
2, 2141.684811562885, 40
2, 2141.684811562885, 40
2, 2148.2069435543613, 40
4, 4286.85463391457, 80
4, 4242.214172919101, 80
2, 2141.684811562885, 40
2, 2157.5529092802544, 40
1, 1084.3810949235374, 20
1, 1084.3810949235374, 20
4, 4324.234255255251, 80
3, 3235.2758322667223, 60
2, 2164.0750412717307, 40
2, 2144.8978753966003, 40
1, 1074.8991148496818, 20
1, 1069.9987605469184, 20
2, 2118.906503507054, 40
2, 2144.8978753966003, 40
1, 1074.8991148496818, 20
1, 1074.8991148496818, 20
4, 7489.866611802063, 78
1, 1074.8991148496818, 20
2, 2138.6476903602083, 40
2, 2151.123348252036, 40
4, 4247.785938822243, 80
1, 1074.8991148496818, 20
5, 5412.6563826903575, 100
1, 1064.9950637680058, 20
2, 2134.993824314924, 40
2, 2144.8978753966003, 40
1, 1074.8991148496818, 20
4, 4267.527125675399, 80
1, 1069.9987605469184, 20
6, 6492.703562393958, 120
6, 6492.703562393958, 120
1, 1086.0569704250117, 20
1, 1081.124587705118, 20
1, 1092.25390384801, 20
4, 4336.6478314220285, 80
2, 2173.3784915531282, 40
1, 1086.0569704250117, 20
3, 3192.628010825716, 60
3, 3191.257199839734, 60
4, 4159.0837049082, 80
1, 1048.8430322056022, 20
1, 1048.8430322056022, 20
2, 2092.5206609680777, 40
3, 3163.419706328664, 60
1, 1103.3823444116601, 20
2, 2217.88777867667, 40
1, 1114.5054342650099, 20
2, 2211.7597803229105, 40
2, 2211.7597803229105, 40
4, 4425.533626787785, 80
1, 1098.277749772978, 20
2, 2211.7597803229105, 40
2, 2217.88777867667, 40
2, 2217.88777867667, 40
1, 1098.277749772978, 20
2, 2211.7597803229105, 40
1, 1098.277749772978, 20
2, 2211.7597803229105, 40
1, 1109.368098338137, 20
1, 1114.5054342650099, 20
4, 4425.533626787785, 80
2, 2223.873532603147, 40
2, 2223.873532603147, 40
1, 4401.23155584064, 18
3, 6702.089446313729, 58
1, 1109.368098338137, 20
4, 4469.9411111324325, 80
4, 4404.833317159309, 80
1, 1093.0659608090323, 20
2, 5463.914521227412, 38
2, 5463.914521227412, 38
2, 5463.914521227412, 38
1, 1093.0659608090323, 20
1, 1093.0659608090323, 20
1, 1087.1825085846028, 20
3, 3273.3496682311534, 60
1, 1087.1825085846028, 20
2, 2169.188466233746, 40
1, 1098.277749772978, 20
2, 2185.460258357581, 40
2, 2189.471775517736, 40
5, 5478.3143782869765, 100
5, 5478.3143782869765, 100
2, 2179.4364124326125, 40
4, 4356.653333647866, 80
1, 1092.25390384801, 20
4, 4465.612323348315, 80
4, 4420.928203818269, 80
3, 3360.5292845920007, 60
4, 4484.972265838876, 80
3, 6779.937134028637, 58
1, 1129.2385680038142, 20
1, 1135.6142762036443, 20
1, 4529.731491858177, 18
2, 2266.2887483757945, 40
1, 1135.6142762036443, 20
5, 5561.042412840787, 100
2, 2218.2573429976296, 40
1, 1106.8145391604016, 20
1, 1106.8145391604016, 20
2, 2218.2573429976296, 40
2, 5562.860345195437, 38
2, 5562.860345195437, 38
5, 5492.583105858696, 100
5, 5631.084507273366, 100
1, 1118.0299803963078, 20
1, 1124.6212809300748, 20
2, 2229.4098145166918, 40
2, 2229.4098145166918, 40
2, 2229.4098145166918, 40
2, 2244.9695880992995, 40
1, 1109.061507347467, 20
2, 2224.9462413812057, 40
2, 2224.9462413812057, 40
1, 1109.7781875782177, 20
2, 2235.6170427769116, 40
4, 4427.835778812759, 80
4, 4477.384961207148, 80
2, 2230.553334178214, 40
5, 8883.523032537529, 98
5, 8883.523032537529, 98
5, 5482.79119153337, 100
2, 2181.0599893447347, 40
5, 5455.223461822753, 100
3, 3395.170536307653, 60
3, 6790.025036481521, 58
2, 2279.7790270883615, 40
1, 1137.2154231626607, 20
4, 4559.091006986016, 80
1, 1137.2154231626607, 20
2, 2301.794303762492, 40
2, 2301.794303762492, 40
1, 1153.5876735496927, 20
2, 2301.794303762492, 40
4, 4581.573330850853, 80
3, 3455.0023019422224, 60
4, 4646.898186528415, 80
1, 4625.546892325907, 18
1, 4625.546892325907, 18
