13.251510969815628,52.66321261297061,13.270888584312422,52.55793828808582,13.205897010696685,52.5545442652139,13.184402871046103,52.53390278422283,13.287063374832922,52.46582585163756,13.301357216259786,52.370952269941505,13.36402245942157,52.37829449946771,13.476079019794497,52.431072108851716,13.58247968216041,52.399575190854755,13.530146402412134,52.44363089469139,13.634471032341615,52.4217769840699,13.641405847235253,52.522282667563154,13.626156143729759,52.52921087474954,13.565585427532634,52.5353736411239,13.538249516197308,52.616381106313334,13.528708962198325,52.609502210814654,13.251510969815628,52.66321261297061
13.258988613937595,52.633305421845144,13.140724480131057,52.578154473432335,13.19818549898722,52.51543280705442,13.285527490217705,52.467086043190264,13.346813906439062,52.427637936645155,13.465729453756113,52.42826939732137,13.532057038696212,52.420724287327744,13.625463162659633,52.46823582386309,13.565472303000194,52.504423055919275,13.625981411565608,52.57136742002145,13.56743193274322,52.61189632440744,13.556490189609741,52.61856873885548,13.566889174062423,52.63701319117039,13.258988613937595,52.633305421845144
13.317936993143535,52.592731781609366,13.272935593766565,52.59214528770536,13.124274087143426,52.5256383772064,13.259454286296629,52.504301210524474,13.206211245129145,52.485136323946044,13.223671229578239,52.44249386963138,13.342607931447768,52.43848437873844,13.386978585113365,52.430743816311065,13.437758653089064,52.3775113382916,13.453963038514788,52.379249769386675,13.469581808871652,52.390985528927686,13.488980000653573,52.41489755379075,13.59583449510966,52.407403319999325,13.549662800393968,52.4750075053507,13.585338343884512,52.479883593172445,13.552750789089218,52.51991495283038,13.620608997286247,52.62964524882343,13.435744397348897,52.607969938608285,13.448734088195826,52.67056095690129,13.317936993143535,52.592731781609366
13.300498934576655,52.60726907220633,13.288341478491253,52.575317522665685,13.183751856270243,52.52921087474954,13.183259203439535,52.51979989419271,13.258295447887809,52.508956373611134,13.206982736839494,52.4414727065311,13.182286001817484,52.43163271780891,13.309259407385722,52.359401981988675,13.387487937012272,52.36749345729804,13.473564774941538,52.36362507310299,13.548658278319648,52.394683988253064,13.657679204502049,52.46971459464353,13.563443898539415,52.54215456263933,13.52349336573062,52.61207565105919,13.508924071834516,52.64929034190259,13.416592354240308,52.65471979817394,13.300498934576655,52.60726907220633
13.38427631925807,52.66334910954135,13.285870109860896,52.5874142618339,13.198059938698519,52.52202397759212,13.223443367922584,52.48180531100762,13.286910750738533,52.42782042175075,13.2765131346119,52.399259800444426,13.298645587408583,52.41203761292596,13.427529983495374,52.422042206770286,13.482913324485937,52.41317708777008,13.602521955820865,52.42571703329135,13.623814265746446,52.49870234427118,13.639812787507303,52.574563768425726,13.566616848652428,52.62513263318689,13.48995916848935,52.654310873881535,13.38427631925807,52.66334910954135
13.271658483802693,52.616381106313334,13.17634344232112,52.55702877093579,13.124202949761443,52.516692727004866,13.278787043886236,52.45768409023775,13.313800604434002,52.42746763926752,13.33866605233944,52.419928073281994,13.457015724774632,52.37045177136642,13.576911273629701,52.43498799181557,13.569244548914408,52.4794661614611,13.578345851994435,52.497442722155995,13.552671308653267,52.5230536442277,13.581040775271644,52.53302834203087,13.54710562347309,52.54471055170848,13.483410690389956,52.59624789560194,13.271658483802693,52.616381106313334
13.32389163676134,52.63587555551949,13.272935593766565,52.59214528770536,13.178903058036619,52.605574225466896,13.19818549898722,52.51543280705442,13.217328159741703,52.40539339386922,13.386978585113365,52.430743816311065,13.498773164015208,52.37821761296789,13.574171118264006,52.447670023553286,13.6390203278521,52.49975022948593,13.625077296178699,52.59392305742088,13.557170503109456,52.57549164896567,13.575447779696333,52.619840140139424,13.419429121651792,52.64560444562258,13.32389163676134,52.63587555551949
13.354756886569445,52.6421615134107,13.239418391339155,52.59566322720129,13.251170162862111,52.57386673918552,13.124749138503175,52.531595586133555,13.235469253720096,52.48833354359149,13.32138209205824,52.435181925593966,13.417295528641114,52.41235064846802,13.50875239552499,52.400853423515265,13.54450159159284,52.45348352151054,13.647428324108088,52.48018960591787,13.657778387444418,52.594642980190926,13.59024813234656,52.63630783856542,13.4686589906323,52.62074061616798,13.354756886569445,52.6421615134107
13.26895248694627,52.637798208132494,13.186185247553373,52.62733839317331,13.176484871561298,52.6031606559713,13.257157210910783,52.51991495283038,13.259454286296629,52.504301210524474,13.20429049452309,52.46282668802993,13.21759421571583,52.39287675684623,13.259844985371192,52.41810911037207,13.354501471850613,52.43548766955118,13.439530015037134,52.386764530372986,13.549103602155396,52.373454081417925,13.592579840258297,52.40539339386922,13.546208259276304,52.493629262235764,13.665699354772832,52.58373028479301,13.541110611145776,52.55506822564914,13.48986927061076,52.59364476972963,13.26895248694627,52.637798208132494
13.346346306493786,52.68712973184858,13.26126232252336,52.583353053433406,13.2435814269612,52.583572128976535,13.132225725717191,52.561031267569405,13.250442109503958,52.48933671970933,13.268772842980972,52.46605015393981,13.29910280982115,52.381399096705834,13.37934093611424,52.43143834211511,13.49060827575529,52.37631140416101,13.606410369350051,52.40113856707284,13.66942818825106,52.50279131536879,13.64114475708065,52.52730265394483,13.6094134414794,52.5395267935456,13.544471092647049,52.57087538915974,13.47217506241463,52.600118128730166,13.346346306493786,52.68712973184858
13.280143299586426,52.62049370233731,13.182746652376682,52.59157421532372,13.244010190532341,52.50613006971798,13.266794599616835,52.42636076041737,13.371677084453472,52.4048666682577,13.467300068552236,52.43848437873844,13.52919467937249,52.419389612621146,13.551887331142813,52.44476643808776,13.522844625167078,52.46582585163756,13.630435794581286,52.45277226614444,13.610674108023913,52.506667964124624,13.574812050068745,52.574772314348294,13.495289324247898,52.66270284112039,13.280143299586426,52.62049370233731
13.310999884270373,52.642229212194565,13.274331585811844,52.56215574974067,13.197755947660651,52.56816946035112,13.253298162432134,52.48445833602907,13.291072055006882,52.404321873519706,13.327647319218558,52.40324465665807,13.300136909051513,52.36153164003047,13.441844346306588,52.359698744001065,13.47124194766056,52.419928073281994,13.49838664270391,52.39771080607613,13.634161657986242,52.45760156892526,13.550092047265977,52.537078127848645,13.586486462708567,52.6123600170542,13.428121402379022,52.608829688444104,13.310999884270373,52.642229212194565
13.288381644781433,52.60139701859875,13.186510740381348,52.543230844714195,13.187739356959405,52.44336556588856,13.258020668857187,52.44476643808776,13.365152715251961,52.41484766564885,13.374439061095877,52.368257971502906,13.445612394471203,52.43355168183108,13.591238783723995,52.4175606828851,13.6529795445391,52.49583123096916,13.56258309678247,52.58696028563292,13.523135450827635,52.57407072925304,13.557339620774727,52.63013659692316,13.468363937039431,52.68648179832616,13.288381644781433,52.60139701859875
13.358721983788119,52.65194840575319,13.28395371740558,52.58613937662786,13.201268261520275,52.609695819400365,13.174136674579337,52.60072177641246,13.161555342195845,52.58559932805085,13.242395952503044,52.52162213752488,13.19579074409091,52.42016033040343,13.248429271575732,52.37824492692879,13.43312270750948,52.42258117255464,13.515652346164492,52.392906627394176,13.54577502034102,52.42784219010762,13.539566575891406,52.464612196666046,13.596596834691182,52.47268725142043,13.638216831734168,52.577049563658406,13.529764700413576,52.62049370233731,13.477253637599476,52.61857355311294,13.487024773791081,52.664533990542466,13.358721983788119,52.65194840575319
13.332654362400525,52.61857355311294,13.255169771182612,52.55856575160572,13.19554667878503,52.47590349602406,13.224569656115488,52.479883593172445,13.313800604434002,52.42746763926752,13.336031109871584,52.38238284768259,13.478614521233284,52.43184094329212,13.639442286152049,52.44377791367161,13.634222463779803,52.48497486681031,13.61074268701624,52.570362482521205,13.538492980821651,52.64958559006639,13.419155362554822,52.61855508741577,13.404954000000002,52.62792559271025,13.332654362400525,52.61857355311294
13.281533854739887,52.59757304242586,13.171859174618957,52.598258333857174,13.139636840225497,52.5084182796729,13.29635071333553,52.44644135031101,13.39338680221597,52.385293067260704,13.446940657523601,52.42444498231817,13.49094234130935,52.43608231762532,13.546208259276304,52.493629262235764,13.560529061383113,52.54882804433796,13.597015057390562,52.64481913238468,13.491271373644011,52.603869129426386,13.528486897988728,52.673520807905575,13.408316187791769,52.636900955001984,13.281533854739887,52.59757304242586
13.239374462070638,52.65812939084116,13.247825635587347,52.54550678283257,13.141644619267499,52.497185675943676,13.221262533373872,52.390906418256186,13.263010955154522,52.40500509438103,13.410615110844901,52.42114175072502,13.424217146729506,52.385620520174875,13.441827658730066,52.37788134134233,13.459632447207921,52.41735769722859,13.500801198824188,52.41871962055086,13.52341231780675,52.439748639075056,13.575874315154243,52.40807087405402,13.574438746279904,52.48833354359149,13.596990432524937,52.523931775910356,13.678809368782925,52.55812883036778,13.60057111387791,52.64276050174901,13.540997184641864,52.61495087510088,13.239374462070638,52.65812939084116
13.307840427088525,52.587839971466394,13.154304906539245,52.597316497980884,13.262962700861468,52.49513334060337,13.23843367974388,52.482979742221154,13.286910750738533,52.42782042175075,13.408298343401869,52.40311295023419,13.458332242063276,52.35226323527922,13.5149190422242,52.424187408323824,13.556785833708858,52.46432757520912,13.685557726809469,52.51371185382127,13.560258154747563,52.57222543353536,13.61218188635444,52.62169943633316,13.593399996393536,52.64683968343358,13.307840427088525,52.587839971466394
13.368301753467343,52.61639127481135,13.180160048012995,52.62262726255784,13.279479025791636,52.5675974993598,13.19916531298376,52.570362482521205,13.213321961530866,52.5116968762056,13.152228795497953,52.46971459464353,13.208339962890317,52.48093719587173,13.251480025646234,52.43566068705759,13.330166402248288,52.42217592802952,13.393638629171498,52.421322060088954,13.393638629171498,52.421322060088954,13.48803762250524,52.42469139987365,13.522129642354026,52.40554882579951,13.559218917133917,52.399431732686296,13.594645182357379,52.50156628648011,13.600778990697306,52.56083619684417,13.555819546070152,52.55696925414768,13.540997184641864,52.61495087510088,13.477908341971887,52.68503345370454,13.435826332344792,52.6262820583851,13.368301753467343,52.61639127481135
13.330997311905707,52.60812714513448,13.195837739238053,52.58737590426324,13.220125742587843,52.55208839480884,13.153715683450732,52.467038475278066,13.152990262040172,52.4448341503179,13.230903686336886,52.397708268476826,13.404954000000002,52.41208840728974,13.462163423338026,52.389691480753214,13.602169734119222,52.41152533104351,13.611869227270478,52.51982658776454,13.58019384403097,52.5367598236861,13.600981682215817,52.58317615008339,13.467665247583792,52.63053274862358,13.330997311905707,52.60812714513448
13.35001947274885,52.62263098815075,13.251170162862111,52.57386673918552,13.153822677613132,52.52507686785335,13.261011499784937,52.499689324443,13.243879904061131,52.402780983637605,13.399806485767884,52.430129511812844,13.43868133949041,52.42323857829428,13.499965602936383,52.368842826881945,13.65691773795983,52.4448341503179,13.582089751702961,52.52552281762241,13.559017716063213,52.60415404125413,13.420466239335203,52.65457562407533,13.408575561639527,52.64589279374329,13.35001947274885,52.62263098815075
13.384816988171288,52.63627664857318,13.24849864194702,52.60250513626467,13.204940823621975,52.5524251419131,13.258637237238924,52.507400628783316,13.178289161179517,52.41935459098185,13.353221486879184,52.4167926379102,13.404954000000002,52.42108162334893,13.468720770923252,52.40024703380961,13.525619601893737,52.42908800344314,13.611696559625837,52.47148352349338,13.684793173766353,52.53456949924075,13.505902417958703,52.58573632858173,13.516294456356363,52.64700349922323,13.384816988171288,52.63627664857318
13.32057277224589,52.634997023281564,13.18394646055926,52.61032248437938,13.22201238801501,52.57897495327986,13.154732097761146,52.50641832348685,13.290177705514827,52.450000612622944,13.343942630451883,52.381002800104675,13.453530958749226,52.35172183681472,13.602521955820865,52.42571703329135,13.64114475708065,52.52730265394483,13.583808205442018,52.61427372601043,13.516013906587078,52.59230453424091,13.597015057390562,52.64481913238468,13.32057277224589,52.634997023281564
13.281533854739887,52.59757304242586,13.214895855448178,52.62015643610111,13.186185247553373,52.62733839317331,13.213321961530866,52.5116968762056,13.256568884172312,52.4796775746509,13.19271675648888,52.45673910574369,13.325732442376982,52.394042135459884,13.444755284748041,52.41484766564885,13.555811117903684,52.42125260066512,13.540892978426015,52.484789785675645,13.624585155470484,52.538578008293534,13.527623594492264,52.570233074922946,13.564479239801448,52.58527614649859,13.454810692363273,52.63292468282059,13.281533854739887,52.59757304242586
13.229932973032232,52.64204900204475,13.24937893861689,52.54882804433796,13.138920611999483,52.519708768007426,13.265406408407163,52.45348352151054,13.287778357645974,52.40554882579951,13.361844511874212,52.40608378585926,13.501871521179497,52.398721595716864,13.66494066442186,52.45571239511681,13.593463874155638,52.49754937022725,13.625077296178699,52.59392305742088,13.469069325184927,52.63973251008656,13.44078051386815,52.60726239107246,13.229932973032232,52.64204900204475
13.317518666873836,52.62414403116465,13.285870109860896,52.5874142618339,13.208926317784183,52.58317615008339,13.17267914582163,52.54723555339802,13.26802416288971,52.48623876199398,13.194632990610081,52.43655335520828,13.187253569201985,52.41227422675629,13.280463204211001,52.3770118307094,13.378018159564746,52.38611120534341,13.39338680221597,52.385293067260704,13.441740117865052,52.414440974193376,13.543113400383165,52.42636076041737,13.565526553993097,52.47428989293413,13.656085322386868,52.52507686785335,13.57637579928428,52.54781462416645,13.569611302898487,52.62339982215579,13.569611302898487,52.62339982215579,13.465181109594813,52.602148854861014,13.41581423446514,52.64573898051103,13.317518666873836,52.62414403116465
13.240689811602072,52.64745508161909,13.256296834194659,52.5601505222492,13.139116854443683,52.51405972019281,13.243306232643707,52.50955635328197,13.232968367292756,52.49377442777023,13.257684670215655,52.39622910342697,13.333828980205505,52.431072108851716,13.358537622686576,52.397319813773834,13.389536501024025,52.38543636035318,13.500801198824188,52.41871962055086,13.556111515363336,52.44793249574265,13.566601767356294,52.50955635328197,13.565998714419425,52.53366549071175,13.543934892272572,52.550684262633034,13.578759218591122,52.58845265756819,13.536655520763139,52.57808086464289,13.577577125721826,52.60477584107899,13.540997184641864,52.61495087510088,13.240689811602072,52.64745508161909
13.247850611162256,52.615290638272896,13.257174441462348,52.521484509553225,13.210707584152672,52.47678582384328,13.25019491103175,52.411309614969504,13.391081832888544,52.358350145658804,13.39184984358341,52.367331124507395,13.398266323829167,52.403166221878344,13.401096715234313,52.38512924191665,13.553265666328706,52.38571123087253,13.650096699107841,52.43691342829459,13.638636717576496,52.542286568363586,13.631312410308542,52.5618610459529,13.558397030184373,52.66321261297061,13.247850611162256,52.615290638272896
13.298433005020245,52.658519877595225,13.291585816435648,52.57776017788281,13.184829295020803,52.53624283883986,13.257693346987336,52.52775373678898,13.124202949761443,52.516692727004866,13.263699740723698,52.493629262235764,13.182989297332899,52.47058542598147,13.275816107412954,52.47633669446301,13.316152721659275,52.44815071032313,13.331883584217957,52.36437742286687,13.475533375472844,52.40167394074061,13.467300068552236,52.43848437873844,13.599031451233083,52.40944750504291,13.581632182937103,52.474194270526084,13.650539760420008,52.48796619258943,13.65195704617555,52.580390719443315,13.509316749583517,52.639069281640424,13.298433005020245,52.658519877595225
13.29598663755452,52.59347291424227,13.204045696832114,52.55029618790187,13.160957930998364,52.556742450633486,13.217120878125089,52.495550931405596,13.177350374386533,52.43641509792768,13.280463204211001,52.3770118307094,13.378018159564746,52.38611120534341,13.399806485767884,52.430129511812844,13.511432940216025,52.44529922953452,13.531120956113764,52.45768409023775,13.586236770421761,52.44249386963138,13.600417335857443,52.45651493087692,13.600417335857443,52.45651493087692,13.567530420310552,52.519895622954074,13.555819546070152,52.55696925414768,13.56653731505164,52.65986667684211,13.29598663755452,52.59347291424227
13.272358669589469,52.63922450002885,13.28086275277043,52.56892273563423,13.263999899833397,52.56938604288355,13.21785475016001,52.49355998319472,13.241640948673803,52.39233283201428,13.389536501024025,52.38543636035318,13.401096715234313,52.38512924191665,13.41524279532439,52.43029346282371,13.543583319178742,52.40351521129808,13.564005169300078,52.454524019473396,13.554474893412065,52.481259502104045,13.55253242905647,52.515208531090686,13.533080985011775,52.564903960289655,13.575447779696333,52.619840140139424,13.569611302898487,52.62339982215579,13.4269285374726,52.67230787156093,13.272358669589469,52.63922450002885
13.35400781371453,52.67889983104238,13.289946063465491,52.57654746423743,13.159947868788635,52.554145777169516,13.187739356959405,52.44336556588856,13.289568834984061,52.426580879975404,13.25250874574514,52.37660424847882,13.374286659895693,52.43203610344184,13.400072085084293,52.349161818629725,13.461831108019677,52.398965660300206,13.49803248681193,52.43893551417981,13.574438746279904,52.48833354359149,13.566274337692203,52.50784134243946,13.586876444100183,52.597242188745625,13.450966432994644,52.62423945153192,13.35400781371453,52.67889983104238
13.328476784498516,52.6073283167559,13.26887635103909,52.58929780476313,13.271606851814356,52.57667341423313,13.2435814269612,52.583572128976535,13.14027600967823,52.53663273758267,13.139847799662308,52.53381950734567,13.258637237238924,52.507400628783316,13.225750740344509,52.477974127804764,13.172654219392822,52.42422929938007,13.278787043886236,52.45768409023775,13.277850961303788,52.420724287327744,13.39466520467561,52.43029346282371,13.49094234130935,52.43608231762532,13.553265666328706,52.38571123087253,13.566752862192978,52.42789612117154,13.637253780607177,52.42422929938007,13.622168643040595,52.44336556588856,13.668263380732505,52.497185675943676,13.596990432524937,52.523931775910356,13.648619419246474,52.605192754441845,13.505520900392535,52.63008348421553,13.328476784498516,52.6073283167559
13.33280046035024,52.62838384716428,13.26126232252336,52.583353053433406,13.181390504675432,52.607961745462006,13.200677800912604,52.50013521186716,13.19963818317533,52.46929543142478,13.229603159054527,52.42359502649856,13.328202777323716,52.383930070085505,13.435621340104307,52.43203610344184,13.485585233602208,52.38476579605791,13.594683734717375,52.45037738882244,13.66888592686503,52.49998540302371,13.642389014359898,52.59326078477416,13.514869845036634,52.626729706477064,13.33280046035024,52.62838384716428
13.336761355959961,52.68578296717524,13.189260789773305,52.61496073333796,13.200134132026298,52.50230757380942,13.228764427360924,52.38708408323749,13.30956757498362,52.439936292912336,13.397753354809812,52.39417845412274,13.43112676671751,52.36795695066062,13.422929414886637,52.430743816311065,13.451370377313424,52.397319813773834,13.548231334879924,52.45648743856517,13.578345851994435,52.497442722155995,13.631124792435415,52.586811940861644,13.48986927061076,52.59364476972963,13.336761355959961,52.68578296717524
13.27613514193361,52.606819590939025,13.257716785629787,52.58026306066745,13.188791864687364,52.55015571329087,13.15815242895381,52.548922236540605,13.213254744874845,52.452402834791414,13.192959828193125,52.42239673940082,13.229603159054527,52.42359502649856,13.320467091108723,52.385642599732805,13.439530015037134,52.386764530372986,13.55842797435377,52.43566068705759,13.616948171806875,52.42239673940082,13.608624390816624,52.497968953804644,13.68576687554208,52.51967471080429,13.552191214370215,52.58026306066745,13.513525640594107,52.667840272755626,13.27613514193361,52.606819590939025
13.362784300955811,52.6155540958677,13.18394646055926,52.61032248437938,13.261255548826945,52.56636271208319,13.247825635587347,52.54550678283257,13.214617703776673,52.53612536483568,13.26802416288971,52.48623876199398,13.259740128768435,52.40652994239559,13.371677084453472,52.4048666682577,13.392612471358886,52.41235064846802,13.463094093560938,52.427637936645155,13.590923732448475,52.43127260178301,13.589077426393882,52.462704309375155,13.663315469430884,52.55888772845995,13.516013906587078,52.59230453424091,13.422541752165968,52.67251795380278,13.362784300955811,52.6155540958677
13.318784745746466,52.61436349356094,13.235095949931257,52.574772314348294,13.182491451521567,52.56901242190432,13.184544400947459,52.50570152985,13.288188801619611,52.4512301346106,13.27224246684764,52.42348380849211,13.423443721040952,52.3585219924963,13.50184995902442,52.408799817809005,13.52559020731278,52.4537516037825,13.68288362677479,52.49590069618691,13.660941832113206,52.56435068456283,13.537549330410533,52.63922450002885,13.318784745746466,52.61436349356094
13.298008448435613,52.60614650102742,13.142044336429507,52.545039146517425,13.227999668238908,52.52740309056305,13.198877613321905,52.508854665708974,13.155678623265842,52.50111311333816,13.229745803601546,52.45315798716134,13.313800604434002,52.42746763926752,13.323155902093601,52.35657387072063,13.480560267266814,52.39321997496665,13.59265669528456,52.448373165124096,13.585675228784162,52.458829253524044,13.561899324972092,52.49429938465096,13.65422937673416,52.50111311333816,13.605862303167886,52.55029618790187,13.58345456469828,52.64017174749859,13.298008448435613,52.60614650102742
13.265588066484755,52.636335963330446,13.198726805782321,52.60751911939028,13.171641563070455,52.6153279300471,13.142347245482208,52.494392985683206,13.2282758170629,52.474194270526084,13.237837321291494,52.44588403919983,13.245819156907904,52.426191913519894,13.319154213539377,52.42558819776131,13.292896976533962,52.37324275424854,13.339403443057002,52.410127693233,13.328202777323716,52.383930070085505,13.400840401239174,52.3761373869258,13.43112676671751,52.36795695066062,13.465533628096534,52.37164814885402,13.540559498467186,52.437260262005324,13.58093537877085,52.50672449946483,13.627161347623318,52.59157421532372,13.493821282625625,52.613434021301686,13.477253637599476,52.61857355311294,13.265588066484755,52.636335963330446
13.30557516106228,52.60943401961787,13.174370522416384,52.55215162142243,13.16223443841018,52.43432280857719,13.332105951531787,52.38313567404596,13.381880090027527,52.431179806415614,13.435621340104307,52.43203610344184,13.495696352423087,52.43795939619351,13.574673733060841,52.41992999370467,13.569919590959325,52.444120631054105,13.586464632077416,52.48180531100762,13.656795810764262,52.57244228141457,13.586178110696821,52.58090872942045,13.62676937865533,52.62499882513834,13.516097363258824,52.63678036179599,13.30557516106228,52.60943401961787
13.205840918128972,52.640664423934616,13.264301898918823,52.54771424547281,13.13530824683753,52.472601890268926,13.239988409040675,52.444120631054105,13.324318201816002,52.40408335646627,13.361844511874212,52.40608378585926,13.474215324727002,52.44058137150462,13.478721743009606,52.442100501185756,13.560860487690764,52.388942365912335,13.517646156699962,52.42536975331195,13.621665931266225,52.491762076616816,13.585667000978646,52.559855681307056,13.54209400255667,52.55361697748642,13.582335439959786,52.601058399307455,13.461272540838724,52.631796980714306,13.408575561639527,52.64589279374329,13.205840918128972,52.640664423934616
13.271658483802693,52.616381106313334,13.161288580753528,52.605192754441845,13.276827014988225,52.564903960289655,13.232968367292756,52.49377442777023,13.256568884172312,52.4796775746509,13.245902830699924,52.454524019473396,13.291072055006882,52.404321873519706,13.421395989067173,52.376464913252505,13.515507830751925,52.40313008406213,13.522129642354026,52.40554882579951,13.577312275207769,52.385233240778845,13.595925523395593,52.39488575351293,13.636103468853321,52.48986501312195,13.666283403963755,52.55060714156731,13.656795810764262,52.57244228141457,13.546372847500566,52.657203173418644,13.501425891574508,52.65141926371424,13.451630329866843,52.64267592719306,13.271658483802693,52.616381106313334
13.341298245551602,52.61105124303654,13.202406103695461,52.63853154276104,13.154304906539245,52.597316497980884,13.214188631438168,52.534101656713084,13.168596688312704,52.52479335395822,13.245433089135487,52.501023881356026,13.19868493997783,52.417954322481066,13.355352961296246,52.40706847591435,13.457818706212292,52.436036300709134,13.481127719516644,52.43263658712371,13.59231378428417,52.39287675684623,13.679408601652106,52.48416328150061,13.606696105336106,52.548158053060654,13.585667000978646,52.559855681307056,13.582211902983232,52.65266671030912,13.341298245551602,52.61105124303654
13.237352754459216,52.62163547740164,13.171691168265832,52.577049563658406,13.187965194248678,52.54785561673326,13.228614808989466,52.50859537598371,13.244439882491331,52.44066367394549,13.276643644709274,52.433055108961646,13.352129185842937,52.40761237366762,13.457980216812585,52.379791592978904,13.473876890128416,52.38238284768259,13.484175557623018,52.394042135459884,13.599479585432114,52.396932801536245,13.564474910864513,52.501023881356026,13.623397259618653,52.543230844714195,13.607994887562288,52.593943095500535,13.488398808095509,52.61526417162812,13.474409763724854,52.61932629727868,13.450221217727547,52.66124615325701,13.237352754459216,52.62163547740164
13.233161454525206,52.63169566386176,13.206763386923361,52.6281592598461,13.171691168265832,52.577049563658406,13.228972621229152,52.50672449946483,13.22742831783959,52.399575190854755,13.408554866338191,52.39412109635291,13.474215324727002,52.44058137150462,13.582181786594504,52.41176859320966,13.567288485609678,52.51471858949003,13.624478711873191,52.57370681787285,13.569611302898487,52.62339982215579,13.511795458833426,52.594618893640195,13.233161454525206,52.63169566386176
13.293894093412923,52.59230453424091,13.169694527124852,52.53481459175612,13.244381446006903,52.47428989293413,13.324611685500743,52.42382358201551,13.318642148562557,52.366916968989514,13.344374371903466,52.37164814885402,13.460986621511339,52.408190424150675,13.610359569674452,52.432137879789856,13.611451509660762,52.450067123637304,13.57954114693856,52.50113864753614,13.63654954551825,52.579518030698175,13.51392136244548,52.59347291424227,13.293894093412923,52.59230453424091
13.309286472779387,52.671094569154775,13.181390504675432,52.607961745462006,13.139636840225497,52.5084182796729,13.238780603509646,52.4614346112406,13.275290282488127,52.46040129871242,13.312020827246698,52.41771716671489,13.283512729449871,52.386228754264856,13.33254576380293,52.35493602692214,13.377276468020636,52.413413829949796,13.443131215627735,52.433133052019784,13.586236770421761,52.44249386963138,13.681314117315102,52.490013534589345,13.536764459394904,52.56076218963277,13.491170309802255,52.66364035886463,13.309286472779387,52.671094569154775
13.349231551950169,52.61295338473855,13.20854781666432,52.600307769569284,13.268797388854225,52.55506822564914,13.170680266223025,52.46498652648079,13.15518849909933,52.4421698953531,13.220639521775203,52.40341833416925,13.278113697849049,52.409436898719306,13.371226660509594,52.42323857829428,13.374286659895693,52.43203610344184,13.42242006298773,52.36749345729804,13.5081558143169,52.41092508038648,13.634161657986242,52.45760156892526,13.615598511838368,52.47813403438888,13.680812351907347,52.55229026823324,13.648352657804155,52.58559932805085,13.483293299188723,52.62678544181091,13.349231551950169,52.61295338473855
13.28794445428757,52.665444343833414,13.276664052862747,52.58084226764662,13.199824993837401,52.59177565131278,13.154372983768967,52.50907765988258,13.295269710159268,52.45977988760713,13.351480239757121,52.38910373527691,13.439530015037134,52.386764530372986,13.52341231780675,52.439748639075056,13.58247968216041,52.399575190854755,13.51111926059072,52.457487322926696,13.595207556813964,52.47065932341573,13.596090276594307,52.53207370059522,13.554522142181021,52.593487845471,13.508669362169107,52.62899871255618,13.459888527251152,52.62263098815075,13.445772720280203,52.606448331334676,13.413233985156412,52.663810514026515,13.28794445428757,52.665444343833414
13.347077933282034,52.6220319455457,13.207146544029861,52.58108482536067,13.213593870773238,52.50966312934688,13.177574796125942,52.45517702513862,13.15518849909933,52.4421698953531,13.325732442376982,52.394042135459884,13.514285648292443,52.362668803681565,13.522549812425362,52.38495942970564,13.630435794581286,52.45277226614444,13.610255222861662,52.5044853787678,13.612108334045518,52.58958636420096,13.616073771231363,52.60308642849948,13.570489608660846,52.59566322720129,13.48823980119334,52.64505330842461,13.347077933282034,52.6220319455457
13.26510280123556,52.62476036518951,13.206763386923361,52.6281592598461,13.230623796532935,52.569288117583085,13.166253903817093,52.472522733395046,13.210119255903999,52.42363331557277,13.291140742570493,52.363853738341696,13.315203743108754,52.377242830153534,13.391081832888544,52.358350145658804,13.49803248681193,52.43893551417981,13.623940691259499,52.465902035360415,13.626918702667105,52.47058542598147,13.559681066344023,52.55047579715684,13.532433981167644,52.63044082837345,13.26510280123556,52.62476036518951
13.290329074337357,52.6760503149865,13.23206181560912,52.57113192225401,13.230366853061442,52.50113864753614,13.276643644709274,52.433055108961646,13.331293478766717,52.43184094329212,13.354822359944052,52.42591276750542,13.479844163057338,52.412365432531374,13.543583319178742,52.40351521129808,13.574673733060841,52.41992999370467,13.52171919838039,52.4512301346106,13.600417335857443,52.45651493087692,13.66942818825106,52.50279131536879,13.602994025042037,52.55665291083068,13.540997184641864,52.61495087510088,13.496492067786717,52.61247603980093,13.439309375943148,52.68959949970299,13.290329074337357,52.6760503149865
13.36912748613185,52.60726239107246,13.25089028393679,52.60415404125413,13.232763835604695,52.545989991423404,13.232238996330537,52.495604841350804,13.282436867549116,52.45504278643379,13.315203743108754,52.377242830153534,13.35289227522537,52.37045177136642,13.522129642354026,52.40554882579951,13.549400528788622,52.38415663931227,13.617880585642219,52.482632828309534,13.547790433108338,52.54319722029111,13.567138931023015,52.56379069391671,13.543703143402876,52.613491684321794,13.570226040158099,52.6352756696745,13.513525640594107,52.667840272755626,13.36912748613185,52.60726239107246
13.223910710587447,52.65076407538773,13.140784933078631,52.53944099155554,13.12579291385832,52.50181760713592,13.229383990020104,52.50485770740897,13.204759520480353,52.443587026821575,13.221262533373872,52.390906418256186,13.318642148562557,52.366916968989514,13.36402245942157,52.37829449946771,13.498652612819484,52.40778773030681,13.544139343294411,52.41508958714218,13.551887331142813,52.44476643808776,13.663051704177601,52.4529612925742,13.589511310069655,52.48763812333995,13.552438696329009,52.56172308204589,13.507474629712876,52.65962992226242,13.223910710587447,52.65076407538773
13.290736594746221,52.6026225490956,13.192755622786377,52.55925782288553,13.260448413321729,52.50122102901158,13.298475059783975,52.44529922953452,13.374230675514987,52.41372394792224,13.503928894682081,52.43049708524858,13.61284876802272,52.43433256669069,13.61161665613409,52.5264164095126,13.58066894126123,52.567429323688295,13.545908100166605,52.56938604288355,13.549479911669954,52.64515497637608,13.290736594746221,52.6026225490956
13.205840918128972,52.640664423934616,13.188791864687364,52.55015571329087,13.138944023663809,52.52253399462637,13.124164833519867,52.52265689702012,13.145953611564899,52.48330953796378,13.179472205418714,52.45277226614444,13.294988957775802,52.424187408323824,13.38953408787403,52.412498066203234,13.4509835077922,52.36057944584015,13.515652346164492,52.392906627394176,13.553500945720103,52.43245288800066,13.6667782771196,52.491608181494655,13.670791145556317,52.51405972019281,13.537912242125529,52.55935622593412,13.507446176402988,52.59684225417562,13.476735943690954,52.59864175871548,13.483010190703482,52.67478599399393,13.205840918128972,52.640664423934616
13.265588066484755,52.636335963330446,13.283743552869298,52.571528116731464,13.26982235410907,52.55650880914453,13.14279446294264,52.54782733970963,13.213593870773238,52.50966312934688,13.131577408707013,52.481254220069054,13.138205477277296,52.466904797562094,13.295571134074281,52.41318296779398,13.380315815640651,52.3769012308409,13.482913324485937,52.41317708777008,13.588645466626128,52.390906418256186,13.565844215766827,52.41466216182861,13.66942818825106,52.50279131536879,13.599581579902651,52.5629095596132,13.545908100166605,52.56938604288355,13.539905999413817,52.57524870330179,13.466352633616712,52.65897962954781,13.265588066484755,52.636335963330446
13.26226643702532,52.63483821461794,13.279479025791636,52.5675974993598,13.168763242919352,52.52730265394483,13.210707584152672,52.47678582384328,13.302436563871462,52.45527087823174,13.237265406026413,52.406272808661576,13.381880090027527,52.431179806415614,13.549400528788622,52.38415663931227,13.574673733060841,52.41992999370467,13.57954114693856,52.50113864753614,13.552750789089218,52.51991495283038,13.604480724363636,52.57897492027171,13.540997184641864,52.61495087510088,13.422541752165968,52.67251795380278,13.26226643702532,52.63483821461794
13.255652539237,52.66482023397199,13.211583289682794,52.56496988983604,13.264301898918823,52.54771424547281,13.251347538691329,52.487700563227385,13.244397017554551,52.37992867980773,13.333428630794502,52.44132897144877,13.324322766397792,52.38476579605791,13.42498470495026,52.40373395203646,13.569360188211684,52.40450933419278,13.667560754517792,52.494392985683206,13.556854792349048,52.55536151743586,13.572855751892805,52.64569122855304,13.519578925662643,52.6760503149865,13.255652539237,52.66482023397199
13.37016762558417,52.65323933298963,13.237300723087873,52.608389959228674,13.258553844632717,52.53243284260391,13.219213016800952,52.464668345921766,13.30054218320454,52.421910485820355,13.305310936264698,52.389555114053664,13.365110323907894,52.40564329119568,13.549103602155396,52.373454081417925,13.550167871231565,52.40652994239559,13.625463162659633,52.46823582386309,13.685439130543335,52.52861824294716,13.5523908657575,52.5950649887888,13.443282489449473,52.606868615916305,13.37016762558417,52.65323933298963
13.309286472779387,52.671094569154775,13.178783207564587,52.586811940861644,13.143129722880403,52.491608181494655,13.258975300903431,52.47655110146004,13.27307679467453,52.40064213024787,13.395191640038117,52.349239582087165,13.448081261194238,52.433996597178904,13.573428956338992,52.3834233639979,13.509311173554721,52.45636941532481,13.663954388435105,52.48330953796378,13.638048825381043,52.598258333857174,13.482874005140866,52.61697804952109,13.505190384872257,52.65037471105961,13.309286472779387,52.671094569154775
13.322455525561294,52.6739334226679,13.213272845979356,52.604429691680345,13.214617703776673,52.53612536483568,13.228614808989466,52.50859537598371,13.185967308740505,52.465902035360415,13.331186256990394,52.442100501185756,13.312833400809735,52.38751836928159,13.409323808400005,52.36714553138075,13.435677324485015,52.41372394792224,13.53351594061557,52.37835558045994,13.552223329784345,52.39622910342697,13.573428956338992,52.3834233639979,13.681314117315102,52.490013534589345,13.625363599052541,52.50570152985,13.565998714419425,52.53366549071175,13.530428974208364,52.5675974993598,13.502067572911477,52.587839971466394,13.511795458833426,52.594618893640195,13.465014531018484,52.677720812698766,13.322455525561294,52.6739334226679
13.336105580498677,52.6096438978712,13.23206181560912,52.57113192225401,13.154372983768967,52.50907765988258,13.270341424108596,52.464612196666046,13.181209925677276,52.416962853004186,13.313864595269841,52.35841012930925,13.358537622686576,52.397319813773834,13.449669458477313,52.42490538453076,13.616948171806875,52.42239673940082,13.564997953468502,52.50272082048836,13.612152052339349,52.56816946035112,13.60406708187103,52.640664423934616,13.509409065423345,52.60726907220633,13.444546834726966,52.64359220425466,13.416592354240308,52.65471979817394,13.336105580498677,52.6096438978712
13.28277122458466,52.65366019492486,13.238337803925072,52.57834604868761,13.183304846068419,52.51744567161517,13.167657475995153,52.46999512143604,13.248429271575732,52.37824492692879,13.268367344262442,52.38117175400761,13.39570356612419,52.35822736092323,13.41010151423212,52.430129511812844,13.53488094263152,52.422089156940395,13.665916201583302,52.48883211007131,13.581597330954077,52.51046976756566,13.555556626666846,52.577099666063525,13.454810692363273,52.63292468282059,13.28277122458466,52.65366019492486
13.354933631386988,52.65143728988352,13.1924789418528,52.63191868417313,13.168529182707005,52.517260195392616,13.124350273190531,52.51371185382127,13.204712627126538,52.42782946091998,13.31849722595618,52.35746733087429,13.420371498975976,52.38543636035318,13.461283168969166,52.37102734440089,13.605248386592688,52.41363616978742,13.540892978426015,52.484789785675645,13.595983971621557,52.50763257955027,13.541110611145776,52.55506822564914,13.533772858066392,52.606819590939025,13.486401201122755,52.60565097987838,13.354933631386988,52.65143728988352
13.36986507871838,52.671398636039946,13.24513884252886,52.61360775113544,13.22781824829704,52.52552281762241,13.198038772729522,52.51982658776454,13.157462412863794,52.439529388019565,13.202099822567597,52.429969959076686,13.297761691858891,52.401973817592946,13.320467091108723,52.385642599732805,13.372676553542531,52.395647674839275,13.428055704456211,52.358742849661546,13.482462033505245,52.36517701847019,13.577312275207769,52.385233240778845,13.546945299138534,52.49513334060337,13.58883735452578,52.55404631014795,13.620647210226696,52.61496073333796,13.487362854411835,52.6833833189829,13.429753218064567,52.66310761976093,13.36986507871838,52.671398636039946
13.216508003606464,52.64683968343358,13.202439662622329,52.5460113899771,13.24048686443095,52.45967885887587,13.237837321291494,52.44588403919983,13.232392606811995,52.42174755911988,13.331883584217957,52.36437742286687,13.459632447207921,52.41735769722859,13.622654430798015,52.41227422675629,13.581293191010534,52.50859537598371,13.656184869508659,52.52240925146779,13.591675242232027,52.608448749364705,13.58914715093941,52.62413140503551,13.575447779696333,52.619840140139424,13.508669362169107,52.62899871255618,13.445772720280203,52.606448331334676,13.458747346757535,52.65088602212591,13.439309375943148,52.68959949970299,13.216508003606464,52.64683968343358
13.33280046035024,52.62838384716428,13.257469303670991,52.56172308204589,13.183304846068419,52.51744567161517,13.238780603509646,52.4614346112406,13.255885986924477,52.446338251399936,13.30054218320454,52.421910485820355,13.344178546243887,52.42826939732137,13.37724727222807,52.35901265061358,13.45238472673043,52.42539469562276,13.566752862192978,52.42789612117154,13.5474850485983,52.44169200301088,13.641378817292996,52.517260195392616,13.607735695664058,52.57470195570858,13.465181109594813,52.602148854861014,13.33280046035024,52.62838384716428
13.31401377106091,52.63313490983474,13.218232757767973,52.608448749364705,13.18542928812681,52.57370681787285,13.179028690138793,52.4777219584281,13.25694854564952,52.41966559388857,13.356183068659055,52.41625894844368,13.454675953234707,52.38855574945845,13.54291003986448,52.438712916664535,13.52876885811157,52.47096177796721,13.551972604387762,52.529316405795875,13.63458607388723,52.55459543439492,13.516013906587078,52.59230453424091,13.533772858066392,52.606819590939025,13.510529802665236,52.67838909756669,13.31401377106091,52.63313490983474
13.267501827160336,52.65868402277058,13.273143540605096,52.56076218963277,13.18542928812681,52.57370681787285,13.141022073134973,52.49998540302371,13.238011081443885,52.39408654209683,13.309942397063619,52.368842826881945,13.368388178439364,52.40523754445049,13.446420174110616,52.36011482971681,13.465533628096534,52.37164814885402,13.465965369548117,52.381002800104675,13.489440908891277,52.385642599732805,13.569494794343605,52.38165499912756,13.634161657986242,52.45760156892526,13.574438746279904,52.48833354359149,13.591502529343561,52.54814395825806,13.538701666757442,52.627666294803696,13.478983756434703,52.597867474984845,13.516097363258824,52.63678036179599,13.458319747754743,52.66019855840973,13.267501827160336,52.65868402277058
13.258345425387859,52.608944871472154,13.214623220383599,52.58933227379619,13.138944023663809,52.52253399462637,13.178289161179517,52.41935459098185,13.351480239757121,52.38910373527691,13.400072085084293,52.349161818629725,13.518668861845756,52.38373113353952,13.607229819299235,52.46496635673797,13.681687662462497,52.54935592601262,13.560258154747563,52.57222543353536,13.483410690389956,52.59624789560194,13.449863452910261,52.61509169138099,13.42563168074193,52.66334910954135,13.258345425387859,52.608944871472154
13.321668198806663,52.64505330842461,13.26126232252336,52.583353053433406,13.247825635587347,52.54550678283257,13.17532192611277,52.55459543439492,13.251347538691329,52.487700563227385,13.29635071333553,52.44644135031101,13.386978585113365,52.430743816311065,13.491683267817685,52.447218615065744,13.52919467937249,52.419389612621146,13.630879309861207,52.4777219584281,13.682141010115688,52.49295294825439,13.617801567459441,52.58289417798471,13.557170503109456,52.57549164896567,13.599027393554344,52.60238127588787,13.523845598172453,52.600146667428106,13.499134792823057,52.61148984273025,13.450966432994644,52.62423945153192,13.321668198806663,52.64505330842461
13.271229125023956,52.60403107953931,13.204063391806343,52.59608803325253,13.230774832342853,52.540471044573714,13.139233955250646,52.52818155038722,13.174985589099032,52.43884487303118,13.32138209205824,52.435181925593966,13.432660727771932,52.35901265061358,13.493755278340725,52.44815071032313,13.600642065718883,52.4393823158921,13.630435794581286,52.45277226614444,13.61897651506132,52.45900260890025,13.624397523232675,52.50102980289417,13.5663265730388,52.583572128976535,13.50983291730831,52.61801122560241,13.271229125023956,52.60403107953931
13.392046310708912,52.60959624065768,13.270885454290447,52.59073232382372,13.259815952734023,52.537078127848645,13.164922805548882,52.475064866782596,13.20349763064995,52.40113856707284,13.398779501893253,52.412153987412964,13.47397846681234,52.373024689624984,13.541540655737558,52.38117175400761,13.527938743898297,52.44231303490084,13.641595983103478,52.44627968462568,13.581908331761094,52.52740309056305,13.609937316728455,52.53735259048852,13.656795810764262,52.57244228141457,13.51996193653451,52.57654746423743,13.482874005140866,52.61697804952109,13.420434520776238,52.60944549462483,13.392046310708912,52.60959624065768
13.358277670133157,52.64267592719306,13.276664052862747,52.58084226764662,13.247120790788435,52.543834287703724,13.139500418074284,52.5310021586489,13.261618371487973,52.49816383252672,13.22163307747428,52.415598020247245,13.302819905299273,52.44308352491155,13.303430822812802,52.43156176190095,13.448715047124137,52.351231507186235,13.464956273119137,52.437834689367676,13.616948171806875,52.42239673940082,13.67459975316247,52.472601890268926,13.550557190078617,52.5355342462217,13.552191214370215,52.58026306066745,13.507000949446995,52.61911003518882,13.358277670133157,52.64267592719306
13.317936993143535,52.592731781609366,13.201268261520275,52.609695819400365,13.174370522416384,52.55215162142243,13.166230040563418,52.44880394750969,13.266794599616835,52.42636076041737,13.234431631575044,52.39587853465986,13.2971108361775,52.3720750495152,13.411128498106748,52.412153987412964,13.49060827575529,52.37631140416101,13.572642593973587,52.406272808661576,13.59069498319905,52.464668345921766,13.578892524752016,52.4704703305162,13.656207878164038,52.51974098430973,13.566362900128478,52.53195321181499,13.624478711873191,52.57370681787285,13.600009312856725,52.63024745594566,13.511795458833426,52.594618893640195,13.450714900770848,52.60552875711047,13.41735616218714,52.62766206157229,13.404954000000002,52.663898456946995,13.317936993143535,52.592731781609366
13.21289294260944,52.64481913238468,13.215649832421901,52.540157570219336,13.183598597074642,52.51274047272036,13.266997960135521,52.438712916664535,13.393638629171498,52.421322060088954,13.458359980069364,52.39838003938522,13.5883514822287,52.4293112055211,13.581672983090387,52.52928115041126,13.648352657804155,52.58559932805085,13.553054898885135,52.64360108178819,13.21289294260944,52.64481913238468
13.288972567566192,52.62433042100247,13.225502822873707,52.58282397088163,13.228060300847305,52.51234710366805,13.1708876721479,52.49975022948593,13.27759187555524,52.44497199902882,13.350275552792079,52.41735769722859,13.385185048832945,52.42181734832584,13.525387924478446,52.40681057007863,13.575476368424956,52.39587853465986,13.635197955113354,52.487414945780195,13.604967176378025,52.5524251419131,13.559297452609966,52.616944469877225,13.288972567566192,52.62433042100247
13.298008448435613,52.60614650102742,13.244322572467366,52.5353736411239,13.170335924735788,52.502239012844576,13.261011499784937,52.499689324443,13.240663451085592,52.4794661614611,13.269273928092115,52.37048197892673,13.348624831030836,52.37102734440089,13.45273258289785,52.369921603304235,13.595898546003415,52.43527584923759,13.624585155470484,52.538578008293534,13.54480519876444,52.62476036518951,13.298008448435613,52.60614650102742
13.275805572461374,52.64061440102029,13.196248544945,52.605315764046026,13.213505084694901,52.53004211476029,13.198059938698519,52.52202397759212,13.17229854239979,52.462507063663466,13.244063784233173,52.41466216182861,13.335811630328445,52.420647229994515,13.33254576380293,52.35493602692214,13.475533375472844,52.40167394074061,13.509365816795464,52.421910485820355,13.600642065718883,52.4393823158921,13.562803457388345,52.47090789553119,13.62962719841237,52.475329213436765,13.667481587577852,52.58095162975133,13.56743193274322,52.61189632440744,13.455300818188185,52.61407996120663,13.275805572461374,52.64061440102029
13.25575559882688,52.63173805557254,13.280232578154274,52.58352953429031,13.156261820325133,52.57775850514273,13.22763257599216,52.51799106017257,13.216468323138553,52.433261017045915,13.31929972424471,52.37631140416101,13.324322766397792,52.38476579605791,13.404954000000002,52.376115543053004,13.419346592410536,52.39440779859367,13.490753786460624,52.42558819776131,13.597927925137023,52.47472962494836,13.592277388590999,52.546158641017826,13.614070260761947,52.58737590426324,13.493821282625625,52.613434021301686,13.25575559882688,52.63173805557254
13.310527448157801,52.66172172570102,13.188635560741142,52.578335957039805,13.26087887289665,52.54014989687668,13.168763242919352,52.52730265394483,13.258975300903431,52.47655110146004,13.303083152661797,52.38029605978321,13.309057693429688,52.38851676894436,13.365708849887936,52.42401362832015,13.441740117865052,52.414440974193376,13.545491797255233,52.38264332812386,13.642250524004847,52.46999512143604,13.644985194451122,52.475064866782596,13.595719368561832,52.534101656713084,13.536764459394904,52.56076218963277,13.584633456270467,52.599162350700865,13.576746545474796,52.63169566386176,13.51539951163173,52.615724235782146,13.448734088195826,52.67056095690129,13.433867126999775,52.66282239841523,13.310527448157801,52.66172172570102
13.307566426375413,52.63113465433624,13.245375512199004,52.56720818290743,13.183370507678095,52.52450800064071,13.242619514390322,52.51471858949003,13.176730697079082,52.4825455177558,13.295571134074281,52.41318296779398,13.380315815640651,52.3769012308409,13.49604340473016,52.35841012930925,13.571896918556115,52.39408654209683,13.561376659487111,52.42451625426886,13.535325592762542,52.477714730741546,13.59679960848502,52.513733201030824,13.66963199032177,52.53663273758267,13.597857646702657,52.61812285016158,13.512625807342523,52.648166489501634,13.307566426375413,52.63113465433624
13.310773207176943,52.61148984273025,13.191666686493292,52.55699842973398,13.206211245129145,52.485136323946044,13.269680300027431,52.40206074341366,13.383131295763055,52.367702086980856,13.496107395566002,52.42746763926752,13.52171919838039,52.4512301346106,13.639572075264214,52.502239012844576,13.573757802595667,52.55323567953967,13.644450399145907,52.59072820842345,13.56743193274322,52.61189632440744,13.545835812023366,52.66790230926274,13.310773207176943,52.61148984273025
13.274447023528838,52.61778193943843,13.193834228768637,52.60308642849948,13.186510740381348,52.543230844714195,13.184161897878594,52.50804437677245,13.158631884547766,52.4591105167702,13.279988277945046,52.39791417164416,13.31896565869065,52.43608231762532,13.408554866338191,52.39412109635291,13.41652119778403,52.385293067260704,13.555987328513664,52.43404370591277,13.608780749660426,52.46712282268859,13.631312410308542,52.5618610459529,13.553611165805343,52.5601505222492,13.502971366169936,52.59897189297295,13.274447023528838,52.61778193943843
13.260428088330046,52.64515497637608,13.148966167886794,52.56435068456283,13.2543427539336,52.48285325063401,13.26632468082126,52.40351521129808,13.368388178439364,52.40523754445049,13.499965602936383,52.368842826881945,13.476929872499154,52.42139659048644,13.476079019794497,52.431072108851716,13.585675228784162,52.458829253524044,13.611451509660762,52.450067123637304,13.581597330954077,52.51046976756566,13.570489608660846,52.59566322720129,13.474409763724854,52.61932629727868,13.260428088330046,52.64515497637608
13.330997311905707,52.60812714513448,13.294968821486886,52.580132443351516,13.218713366770057,52.59333188403249,13.143129722880403,52.491608181494655,13.251752800251023,52.44954868790391,13.305310936264698,52.389555114053664,13.315203743108754,52.377242830153534,13.508550783740215,52.370952269941505,13.527626227760383,52.366365477916126,13.523672701099928,52.45248059137505,13.623164439137682,52.49638143348655,13.669183519868945,52.578154473432335,13.607501896304539,52.63853154276104,13.59024813234656,52.63630783856542,13.538492980821651,52.64958559006639,13.419429121651792,52.64560444562258,13.330997311905707,52.60812714513448
13.274320131046865,52.62907020276155,13.134729482315578,52.56679802212214,13.125304479907875,52.5047849704592,13.249583647378998,52.490982242711,13.177574796125942,52.45517702513862,13.26050747121138,52.38415663931227,13.374976047673421,52.40453077470898,13.396464474848955,52.4212168928898,13.396728043293905,52.37620291195517,13.409323808400005,52.36714553138075,13.472137222791533,52.40094239927194,13.539566575891406,52.464612196666046,13.659089375105033,52.472406097722356,13.65422937673416,52.50111311333816,13.636418490046069,52.549698078110914,13.607735695664058,52.57470195570858,13.495368926966073,52.62319961757682,13.461666468240221,52.66895973270404,13.274320131046865,52.62907020276155
13.281533854739887,52.59757304242586,13.215723810706509,52.60645238941815,13.2157068037636,52.571066411105164,13.138205477277296,52.466904797562094,13.192959828193125,52.42239673940082,13.210119255903999,52.42363331557277,13.366572977139239,52.38715194399079,13.410615110844901,52.42114175072502,13.517011023466038,52.37324275424854,13.503686229948977,52.41975286827669,13.61122306002217,52.417954322481066,13.586236770421761,52.44249386963138,13.581632182937103,52.474194270526084,13.582186804226916,52.51610832259019,13.605862303167886,52.55029618790187,13.606035857310545,52.61184519701152,13.496492067786717,52.61247603980093,13.430443310694296,52.6177117082443,13.281533854739887,52.59757304242586
13.279292140799143,52.641967484241434,13.28395371740558,52.58613937662786,13.244322572467366,52.5353736411239,13.153715683450732,52.467038475278066,13.2812981965373,52.4081067249869,13.341187229076748,52.40024703380961,13.514285648292443,52.362668803681565,13.6029748888364,52.39901728261978,13.54997871202589,52.50275848028644,13.557843656613837,52.55374303240962,13.53496961648104,52.57947062412602,13.471216241547447,52.61036135739422,13.279292140799143,52.641967484241434
13.29598663755452,52.59347291424227,13.126723329689481,52.54346159741867,13.133982214451919,52.47547264641523,13.278400775778106,52.47362096793684,13.230853631355428,52.40990298685999,13.372676553542531,52.395647674839275,13.472633881607095,52.35419213663781,13.48361785244317,52.43345879943111,13.576911273629701,52.43498799181557,13.581672983090387,52.52928115041126,13.635497351205776,52.61779107338331,13.444546834726966,52.64359220425466,13.29598663755452,52.59347291424227
13.263541432885912,52.61200398133159,13.26687247598748,52.552155507755785,13.243230120620552,52.530237326461204,13.228060300847305,52.51234710366805,13.302436563871462,52.45527087823174,13.274172078145243,52.43443092969994,13.335929533187661,52.373024689624984,13.437758653089064,52.3775113382916,13.449931074134254,52.37875068802518,13.535735921854757,52.43443092969994,13.560324352621002,52.490982242711,13.683541724518731,52.49885588206789,13.582577346372686,52.58472009179686,13.46281193694508,52.60277590563577,13.263541432885912,52.61200398133159
13.359686782272455,52.66124615325701,13.234460220303667,52.619840140139424,13.183926588434392,52.57136742002145,13.138920611999483,52.519708768007426,13.142347245482208,52.494392985683206,13.146856295822401,52.4529612925742,13.324318201816002,52.40408335646627,13.424466963529865,52.3495505188537,13.497074599190269,52.38751836928159,13.639966229923528,52.426710794848596,13.626156143729759,52.52921087474954,13.556607629632847,52.59188831052929,13.570226040158099,52.6352756696745,13.359686782272455,52.66124615325701
13.33773293758537,52.600118128730166,13.203769029676081,52.57684708014715,13.23204801398642,52.544157477448564,13.184402871046103,52.53390278422283,13.182286001817484,52.43163271780891,13.282436867549116,52.45504278643379,13.372650596569466,52.35933131406409,13.481127719516644,52.43263658712371,13.521094927988024,52.43850287998239,13.574447885662245,52.433174833598144,13.541135157019028,52.46605015393981,13.582186804226916,52.51610832259019,13.622925854441005,52.59624940853326,13.579975026967768,52.64204900204475,13.33773293758537,52.600118128730166
13.349482959763003,52.60337770091886,13.199824993837401,52.59177565131278,13.257185000116037,52.518345452179794,13.130499398347894,52.48416328150061,13.275816107412954,52.47633669446301,13.167300452550565,52.42922071945647,13.331186256990394,52.442100501185756,13.379577815249894,52.42229684052946,13.426776704236945,52.367702086980856,13.564088843092096,52.426191913519894,13.634471032341615,52.4217769840699,13.649576842737149,52.48536311329817,13.621116135312638,52.55015571329087,13.500105277114782,52.58886092872132,13.349482959763003,52.60337770091886
13.27556075193646,52.66151822396351,13.271606851814356,52.57667341423313,13.242395952503044,52.52162213752488,13.273388304860827,52.47910565901535,13.354501471850613,52.43548766955118,13.455532971942294,52.36109245237307,13.457015724774632,52.37045177136642,13.60826646910489,52.41577938298932,13.535325592762542,52.477714730741546,13.684342161494548,52.53753907560511,13.541070801728546,52.602598177481106,13.489382915394982,52.62505665809058,13.48995916848935,52.654310873881535,13.27556075193646,52.66151822396351
13.26226643702532,52.63483821461794,13.130055171362986,52.555214867315236,13.198080633560247,52.517629307837694,13.258295447887809,52.508956373611134,13.261559042584867,52.47347762928902,13.354822359944052,52.42591276750542,13.46259430258585,52.43720998836272,13.588274922525722,52.415598020247245,13.581597330954077,52.51046976756566,13.665699354772832,52.58373028479301,13.596635154020648,52.604429691680345,13.50433283893772,52.60943401961787,13.26226643702532,52.63483821461794
13.336105580498677,52.6096438978712,13.182746652376682,52.59157421532372,13.19877464262253,52.53080125064957,13.198353327631018,52.5132377543199,13.236406274212378,52.48653853891133,13.198456490339238,52.450067123637304,13.274967545572375,52.410800689151934,13.387487937012272,52.36749345729804,13.485296314499259,52.42382358201551,13.54689704484548,52.40500509438103,13.501767970821648,52.452094791534215,13.660422386141846,52.475112167409776,13.607227148619577,52.49365738280198,13.54997871202589,52.50275848028644,13.667863663570493,52.545039146517425,13.637228854178371,52.54723555339802,13.623722752446628,52.62733839317331,13.451318778799422,52.679416568169515,13.336105580498677,52.6096438978712
13.294465395842849,52.65736752175345,13.294968821486886,52.580132443351516,13.18394646055926,52.61032248437938,13.183926588434392,52.57136742002145,13.227863787507745,52.51422681277883,13.182286001817484,52.43163271780891,13.206982736839494,52.4414727065311,13.209265934281117,52.4393823158921,13.312090074502256,52.45008019905126,13.376809537200273,52.43172380326783,13.427529983495374,52.422042206770286,13.523672701099928,52.45248059137505,13.6257096334399,52.414602493632685,13.6199356627035,52.44107053898782,13.683541724518731,52.49885588206789,13.61074268701624,52.570362482521205,13.507474629712876,52.65962992226242,13.47865923980581,52.66618850963304,13.294465395842849,52.65736752175345
