426, 5399.559023326654, 12216
336, 3692.12829872272, 9658
359, 3352.7727267942537, 10308
523, 6594.688401016689, 14938
2, 2.27002061691771, 60
672, 9819.87962638682, 19242
336, 4273.461861460646, 9616
304, 2936.491153648584, 8780
308, 3574.662591013028, 8838
48, 150.8289303349018, 1406
118, 532.5484044942499, 3418
94, 371.3485821612484, 2718
429, 6471.177481261688, 12326
494, 7421.682431000728, 14126
1, 1.1896746448665116, 30
649, 8847.059648670069, 18566
141, 510.01626833964207, 4122
2, 2.4822974897153527, 60
2, 2.48052911503099, 60
4, 4.966033735108959, 120
4, 4.9860874085823115, 120
7, 7.267582645174154, 210
2, 6.190575438169431, 58
1, 1.2416265973506302, 30
1, 1.2375264821238026, 30
1, 1.2433923399858686, 30
1, 1.2433923399858686, 30
1, 1.241785582516137, 30
2, 2.4869464263427385, 60
1, 1.2433923399858686, 30
4, 4.970801728787256, 120
3, 3.7306414165536284, 90
539, 7478.132534782629, 15400
37, 78.7040942267066, 1090
529, 5456.78733640962, 15166
5, 6.190462781464792, 150
1, 1.2437128889486204, 30
3, 3.713230825897591, 90
619, 12059.91374550323, 17662
5, 6.208471271761011, 150
6, 7.017949209691678, 180
167, 1042.103147694348, 4820
2, 2.3572051070491615, 60
4, 4.966511321959543, 120
2, 2.480631837280249, 60
33, 48.468630284764444, 986
2, 2.486119789209269, 60
6, 7.086566778943771, 180
5, 9.945917597060651, 148
245, 1223.1212746404267, 7110
245, 1223.1212746404267, 7110
5, 6.187469621095137, 150
1, 1.2373999450027047, 30
2, 2.4818673160917024, 60
2, 2.4608636281297454, 60
16, 34.77373418865499, 472
15, 33.451450164965635, 442
11, 13.578575385718374, 330
1, 1.2317471824692159, 30
512, 5518.896197211439, 14712
3, 3.525170720053468, 90
2, 2.424216536634297, 60
18, 57.913842261364366, 526
539, 4713.306861099081, 15486
60, 229.37604068907703, 1744
532, 6416.209032518398, 15252
11, 12.880487442503155, 330
2, 2.365030476919984, 60
25, 79.12030486090298, 734
10, 15.305885499240695, 298
16, 25.956958374707988, 476
26, 51.760757560859766, 768
4, 8.276294313629807, 118
2, 2.3554755770648024, 60
35, 108.58726126657017, 1024
9, 13.540747646559575, 268
5, 9.33912067564911, 148
1, 1.1758336355062873, 30
3, 7.091111803085985, 88
626, 5560.015971138154, 18052
626, 5560.015971138154, 18052
24, 56.5419136723603, 704
8, 12.873291203423381, 238
21, 51.11841866404665, 614
31, 55.108072478742116, 918
28, 41.84062841569495, 834
495, 7191.35610238292, 14150
18, 34.36208633573142, 532
14, 19.52240300075091, 418
5, 10.999860627030703, 146
19, 38.80933656174495, 560
16, 18.222807174768104, 480
6, 10.449385753581796, 178
5, 9.287752589817163, 148
3, 6.949915158076894, 88
806, 7221.175108903527, 23072
210, 1247.646330618899, 6056
516, 7726.529176565892, 14758
171, 1304.7321908204876, 4920
598, 5898.682326523205, 17134
341, 3023.73025961632, 9806
335, 3226.0013076739083, 9636
464, 5143.981033117927, 13290
464, 5143.981033117927, 13290
391, 4834.339585580311, 11150
421, 4986.045544541071, 12024
574, 6078.134222663383, 16490
542, 6221.635053114557, 15504
499, 9400.29407062438, 14202
499, 9400.29407062438, 14202
127, 624.1020946528164, 3684
213, 1479.4044092028757, 6102
145, 816.100144864903, 4166
7, 8.104667907143464, 210
132, 684.5628553793072, 3818
222, 1225.8521232442095, 6392
274, 2083.4994942949907, 7898
269, 2108.816796689063, 7722
431, 4724.026717586765, 12314
182, 1052.9558007148125, 5264
601, 8085.974726577806, 17182
252, 1725.051785525533, 7256
18, 24.916831306683214, 536
1, 1.0376922860577715, 30
3, 3.0071989427553127, 90
423, 3416.1362346946767, 12176
423, 3416.1362346946767, 12176
15, 24.86690070896147, 444
4, 4.1391524879672525, 120
274, 2138.393847440488, 7860
366, 3648.935802444285, 10448
391, 4966.695985580059, 11220
385, 3418.7321712800986, 11038
408, 4474.833353268814, 11664
338, 3204.965790075797, 9682
206, 1799.7209527524328, 5920
530, 4676.78503136927, 15244
78, 274.3838130451111, 2262
184, 1126.014589871824, 5312
427, 3628.966501929381, 12250
284, 2174.7634605701805, 8170
6, 6.298023590947018, 180
325, 2257.810224332858, 9360
453, 4309.59985256207, 12972
383, 3475.112498637337, 10956
173, 753.0985921578713, 5004
222, 1172.273405622645, 6434
222, 1172.273405622645, 6434
108, 430.78676708057964, 3148
351, 1872.374248269203, 10110
351, 1872.374248269203, 10110
470, 4741.193396602863, 13466
366, 3082.547658195977, 10492
464, 5228.533913402978, 13284
4, 4.150163689286707, 120
254, 1583.1919455556038, 7334
17, 23.557847438307135, 506
369, 3140.7197714961158, 10578
255, 2299.7993839386236, 7310
13, 18.893919586151537, 386
405, 4396.963383856009, 11588
43, 174.51827626123566, 1238
32, 68.18744087763125, 938
1, 1.0485628386207129, 30
66, 166.99257755543283, 1936
404, 3627.5540353719284, 11616
404, 3627.5540353719284, 11616
589, 5926.884953647088, 16892
505, 5484.539188652329, 14480
591, 4806.897355261714, 16908
660, 6542.743802545064, 18902
423, 4171.784625609278, 12152
423, 4171.784625609278, 12152
418, 5139.416731628872, 11940
356, 3811.862262099583, 10198
239, 1440.8830550340228, 6878
842, 7747.969959506652, 24214
381, 5662.22517470026, 10884
459, 4401.65064272602, 13190
512, 6539.579591308981, 14612
355, 4328.562215935173, 10182
448, 4213.635405205737, 12838
540, 8590.296183436176, 15454
377, 3174.6340193206875, 10830
516, 6878.307191436216, 14814
516, 6878.307191436216, 14814
2, 2.324357722581228, 60
37, 109.49452390245851, 1090
37, 109.49452390245851, 1090
37, 109.49452390245851, 1090
58, 175.69045185457693, 1696
28, 77.90941406373346, 820
32, 103.6495159526532, 934
3, 3.4979685894424737, 90
1, 1.1661677470425427, 30
104, 366.2991373697954, 3028
106, 533.8317807373138, 3060
22, 60.925878914207246, 646
36, 122.77874823193736, 1046
137, 807.1747131367969, 3966
119, 766.9049996848028, 3454
106, 465.27995842058874, 3072
245, 1901.6302530058188, 7042
121, 625.7840532436668, 3510
267, 1554.6015091350785, 7690
198, 1363.7965290791592, 5710
38, 133.66637676036746, 1112
53, 161.09412474235248, 1562
40, 129.2542906608666, 1170
51, 170.94643944553542, 1490
178, 894.2577545926987, 5162
130, 865.8241198609729, 3746
39, 132.60684406580285, 1138
251, 1159.913568234594, 7310
216, 1395.9210832297883, 6246
32, 78.55002232902021, 942
69, 203.67736013465546, 2022
44, 174.74270625359796, 1278
84, 423.23381269123684, 2434
101, 460.1231978524303, 2920
220, 1467.8929139027323, 6332
130, 1002.3503364581225, 3734
221, 1778.5798415269855, 6358
239, 1293.7788804426204, 6894
154, 850.4052263193538, 4446
5, 5.693644247796976, 150
230, 1128.6563074031853, 6654
151, 575.4098454646222, 4404
14, 22.955093151589452, 416
94, 546.6284564136254, 2712
2, 2.2800176837612427, 60
1, 1.1392585188748672, 30
3, 3.4202713728268335, 90
277, 1480.077360286163, 8008
277, 1480.077360286163, 8008
277, 1480.077360286163, 8008
23, 57.27078468179456, 672
58, 196.64470464579168, 1688
182, 1289.402198235248, 5240
182, 1289.402198235248, 5240
182, 1289.402198235248, 5240
182, 1289.402198235248, 5240
182, 1289.402198235248, 5240
4, 4.560715485827451, 120
2, 2.279859601284994, 60
179, 1212.856638091019, 5206
2, 2.27002061691771, 60
92, 440.1985554132242, 2672
201, 902.2033394121113, 5844
201, 902.2033394121113, 5844
25, 56.72035146414944, 734
22, 56.86073532261787, 648
194, 1096.133143099248, 5606
194, 1122.1392255696137, 5604
6, 10.043377611519261, 178
188, 992.8565612374867, 5456
136, 618.9032494334834, 3958
105, 646.6762135236538, 3044
104, 603.6524235929572, 2996
113, 510.421015235181, 3266
66, 246.88115450537487, 1920
184, 1142.8212969364959, 5296
57, 143.26822064552073, 1676
109, 382.85115030149103, 3178
66, 201.42738914868428, 1930
108, 561.576859982976, 3106
12, 27.276821145147156, 352
102, 517.0360626706579, 2944
59, 204.25003593535953, 1720
101, 441.1967655111648, 2922
86, 447.75526574279166, 2504
104, 433.26392746165607, 3004
60, 223.43299797194194, 1746
2, 2.288663903349328, 60
130, 368.92503631501216, 3808
130, 368.92503631501216, 3808
81, 389.5735274021801, 2336
86, 368.6462418209758, 2488
142, 877.8042723081203, 4124
142, 877.8042723081203, 4124
151, 676.3206684481395, 4388
3, 3.713230825897591, 90
15, 44.57151612163288, 440
27, 76.15648118782178, 790
205, 1139.0353754294467, 5922
205, 1139.0353754294467, 5922
11, 23.922020374907362, 324
8, 23.94444721261853, 232
2, 2.480631837280249, 60
2, 2.4818673160917024, 60
105, 739.2211401699664, 3036
14, 23.953936016455742, 416
4, 4.966033735108959, 120
17, 45.5319545734277, 502
4, 4.9860874085823115, 120
141, 510.01626833964207, 4122
149, 662.636052330041, 4326
2, 2.4822974897153527, 60
2, 2.48052911503099, 60
12, 21.565900523722878, 356
16, 40.544555389434045, 468
1, 1.241785582516137, 30
39, 139.5456274832272, 1136
68, 245.1082979732477, 1990
148, 805.4983887334861, 4266
136, 1023.9992461329758, 3910
290, 2047.144303945998, 8388
163, 1070.3927554307015, 4722
242, 1629.8419221501683, 7006
129, 535.0193542110591, 3750
129, 535.0193542110591, 3750
241, 1741.624416700749, 6952
12, 25.124330485882055, 354
2, 2.4869464263427385, 60
1, 1.2433923399858686, 30
8, 9.565214914767909, 240
15, 28.697924595448864, 444
10, 15.541358107982797, 298
1, 1.2375264821238026, 30
12, 25.295594459346212, 354
171, 955.3997864343297, 4948
135, 801.7747365816402, 3908
110, 453.3584579131852, 3200
151, 728.2951432077344, 4390
176, 1087.873950216932, 5074
220, 1807.0920806312545, 6284
216, 2063.8592539169495, 6222
107, 649.1176289334328, 3108
125, 696.2299313169472, 3616
101, 525.6379291047803, 2926
224, 1570.8981382858572, 6444
276, 2345.7046453428134, 7938
1, 1.1896746448665116, 30
215, 1570.0906028552074, 6254
207, 1391.704479686655, 5998
279, 2969.214584279875, 8014
418, 4283.268611622268, 11980
15, 25.129671056022755, 446
15, 32.2999108866071, 442
24, 46.6060561261828, 710
17, 45.36707940121798, 496
30, 75.29826830890794, 884
22, 55.06414178266269, 644
68, 289.5924022271008, 1972
40, 91.17294943042926, 1176
2, 6.190575438169431, 58
373, 3142.999454215218, 10684
23, 43.44671005664326, 682
20, 63.57817662635427, 584
38, 106.80425434370373, 1112
3, 3.7306414165536284, 90
13, 29.936204850589423, 382
43, 83.86900384565625, 1272
45, 143.50120463957444, 1312
6, 7.086566778943771, 180
19, 33.45817659536808, 564
5, 6.190462781464792, 150
1, 1.2433923399858686, 30
1, 1.2433923399858686, 30
1, 1.2437128889486204, 30
5, 6.208471271761011, 150
1, 1.2317471824692159, 30
150, 736.15921667872, 4352
15, 31.64972086757655, 440
211, 1002.1895940756684, 6094
136, 710.0143080507063, 3914
90, 323.1128743571484, 2618
126, 784.4844630108851, 3608
4, 4.966511321959543, 120
1, 1.2416265973506302, 30
70, 235.42014534645128, 2044
4, 4.970801728787256, 120
33, 48.468630284764444, 986
49, 146.31769832685643, 1428
47, 115.91963935900966, 1374
32, 74.92838224062449, 940
51, 113.25997768205025, 1498
96, 375.1609951078562, 2798
49, 119.58469440656455, 1438
59, 174.0416180039567, 1726
156, 860.8421232356719, 4512
17, 49.87543740452643, 500
285, 2284.505797012865, 8186
2, 2.4608636281297454, 60
11, 13.578575385718374, 330
216, 1124.5259536722422, 6290
25, 82.24767347931757, 728
28, 88.21108072630174, 816
15, 33.451450164965635, 442
5, 6.187469621095137, 150
1, 1.2373999450027047, 30
2, 2.486119789209269, 60
16, 34.77373418865499, 472
5, 9.945917597060651, 148
252, 1198.1903097531413, 7326
7, 11.749864133262268, 208
8, 12.927173324933468, 238
26, 51.0997839853649, 770
172, 1172.4870493557864, 4976
346, 2824.4562466401367, 9944
413, 3356.567261030777, 11854
120, 589.0997067196081, 3474
8, 12.925015919603029, 238
12, 14.09473569983929, 360
3, 3.0071989427553127, 90
144, 582.7365446620904, 4174
144, 582.7365446620904, 4174
28, 58.4695187791945, 826
123, 489.0968318521225, 3574
111, 293.23325802238725, 3246
14, 30.52501552626376, 412
13, 29.44468545657081, 382
38, 111.46623356918376, 1108
48, 215.10072537551508, 1386
19, 32.899472140679805, 564
46, 89.06419236197402, 1360
59, 178.13558645544362, 1726
128, 866.83952013866, 3676
255, 1161.6876522237371, 7394
86, 406.79247125088597, 2496
38, 118.3024182971537, 1110
31, 64.79969083325955, 920
84, 258.5868920354645, 2454
84, 258.5868920354645, 2454
30, 81.12355848285816, 880
18, 45.95784285489902, 526
9, 21.19743555807768, 264
1, 1.1783062386162477, 30
14, 20.440939746967505, 418
57, 143.8799846894253, 1668
57, 143.8799846894253, 1668
1, 1.1981139434193795, 30
1, 1.1993283629610731, 30
148, 478.1637424956438, 4336
61, 171.26052705082554, 1792
57, 198.75769331901319, 1660
47, 214.55860848287725, 1356
49, 151.85289462431265, 1428
116, 569.2919579719054, 3364
233, 1491.8257501509772, 6730
26, 89.50509794808899, 752
6, 7.017949209691678, 180
9, 14.204285490395252, 268
24, 45.89030534019625, 710
39, 91.93707843512381, 1144
23, 72.92512734405938, 676
8, 16.466144660743154, 236
48, 155.59318944386095, 1402
48, 155.59318944386095, 1402
24, 42.333348684088584, 712
14, 30.49787339319433, 412
17, 26.998805870474023, 506
1, 1.1805817063184563, 30
45, 137.9942959291518, 1314
11, 12.880487442503155, 330
95, 520.5732142120123, 2750
20, 51.53567598896243, 590
18, 38.890358284597525, 530
1, 1.1758336355062873, 30
11, 19.94871298008706, 326
2, 2.3572051070491615, 60
89, 417.3682470634961, 2578
88, 294.79443774420116, 2576
102, 451.36287624974716, 2966
30, 67.87122479793145, 882
60, 229.37604068907703, 1744
2, 2.424216536634297, 60
174, 1064.0173543844899, 5028
46, 154.5737805249095, 1342
51, 261.0164583351831, 1484
224, 1148.508349346764, 6452
76, 258.1534487106836, 2210
225, 1452.7464776697193, 6490
18, 57.913842261364366, 526
61, 234.29534845795783, 1764
161, 824.134507181844, 4664
65, 246.4105700086318, 1886
115, 508.1498756433094, 3340
163, 780.4712931992009, 4708
163, 780.4712931992009, 4708
163, 780.4712931992009, 4708
38, 137.27216904431367, 1100
84, 380.36168490081747, 2452
17, 52.35480221200437, 498
69, 357.01551954340147, 1994
78, 212.81806644446587, 2284
12, 28.608265439603475, 352
27, 67.54060417354437, 790
71, 291.4166865131363, 2062
3, 3.5900278939412655, 90
179, 1002.409274008073, 5188
27, 56.828161048780295, 796
26, 62.88633688346501, 768
237, 1483.563522902229, 6832
237, 1483.563522902229, 6832
8, 12.873291203423381, 238
93, 444.1274856890992, 2696
93, 444.1274856890992, 2696
165, 1133.7891065842723, 4760
32, 90.23132929601329, 936
5, 9.33912067564911, 148
193, 1510.9861371991533, 5560
193, 1510.9861371991533, 5560
3, 3.525170720053468, 90
2, 2.365030476919984, 60
4, 8.276294313629807, 118
2, 2.3554755770648024, 60
295, 1555.3675640135739, 8542
3, 7.091111803085985, 88
16, 25.956958374707988, 476
24, 56.5419136723603, 704
25, 79.12030486090298, 734
197, 739.5713888488813, 5746
10, 15.305885499240695, 298
18, 34.36208633573142, 532
35, 108.58726126657017, 1024
26, 51.760757560859766, 768
57, 214.0345353580599, 1652
186, 856.9861964545765, 5392
44, 145.7091007467979, 1288
92, 389.99305299518977, 2664
39, 144.37627062706514, 1136
99, 455.39837500509265, 2860
152, 1019.4484982511939, 4372
14, 19.52240300075091, 418
19, 38.80933656174495, 560
21, 51.11841866404665, 614
9, 13.540747646559575, 268
16, 18.222807174768104, 480
28, 41.84062841569495, 834
112, 531.816981874317, 3260
234, 1410.6624578983733, 6742
48, 94.72624906447864, 1416
31, 55.108072478742116, 918
76, 373.0312925926151, 2194
207, 1441.3202633247163, 5962
207, 1441.3202633247163, 5962
6, 10.449385753581796, 178
27, 77.03965781787616, 794
125, 686.5342286105633, 3614
5, 9.287752589817163, 148
64, 203.29770866316292, 1870
91, 283.8621787538643, 2652
56, 198.62760527862415, 1632
168, 1164.943608282096, 4810
322, 1998.1968819434167, 9268
8, 9.023269271836195, 240
37, 136.53119881137275, 1072
82, 254.81220866385306, 2400
173, 1062.6505044773285, 5014
173, 1062.6505044773285, 5014
173, 1062.6505044773285, 5014
40, 115.11023793741491, 1170
45, 130.81553481699518, 1320
42, 144.03460253454583, 1226
28, 165.59407699108996, 802
122, 598.7153063334039, 3542
141, 612.2032587152519, 4100
38, 160.41781238774425, 1100
96, 582.1370755454839, 2790
35, 120.01734952906882, 1020
31, 68.423996246077, 916
42, 257.8383479339267, 1212
93, 389.05120446359297, 2704
7, 8.104667907143464, 210
191, 1426.817494142514, 5498
3, 6.949915158076894, 88
4, 4.62251755869106, 120
45, 117.60890458187137, 1324
206, 1315.1703429116897, 5942
206, 1315.1703429116897, 5942
43, 120.14971140022239, 1260
94, 467.0162169847173, 2726
85, 394.3839477738678, 2454
48, 136.3057009187368, 1404
53, 163.33234402565648, 1554
25, 64.58030632882522, 734
31, 69.78075139638466, 910
15, 24.006325418128203, 446
51, 120.21289507594527, 1500
57, 158.2325833142921, 1674
70, 276.0374253197442, 2028
178, 784.9469039207986, 5152
54, 228.36652658019668, 1566
233, 2551.5214719971773, 6678
233, 2551.5214719971773, 6678
246, 1989.6564334697737, 7088
173, 1506.5607378383372, 4962
269, 1982.449513933513, 7754
21, 61.63597876776994, 614
36, 92.3543921584363, 1056
30, 78.76502742230296, 880
2, 5.712843212684659, 58
10, 14.409778776063083, 298
102, 441.4333048803639, 2960
183, 1444.5555589211442, 5258
183, 1444.5555589211442, 5258
57, 225.64588412696725, 1648
101, 383.88392675271695, 2938
26, 58.461744656315595, 762
38, 98.72495474376025, 1118
81, 243.61814454237273, 2374
34, 104.792213239492, 986
68, 201.87332888891595, 1982
34, 86.87611225724065, 998
59, 197.49426881695445, 1724
59, 197.49426881695445, 1724
129, 371.9946245792573, 3762
59, 204.71812543377465, 1716
75, 196.3300421381554, 2194
47, 138.57752329755886, 1372
26, 64.25282324745046, 764
72, 203.50757069147846, 2108
69, 285.70293003598937, 2006
104, 521.6981372607171, 3020
122, 567.7328825803177, 3530
28, 55.87720121832476, 826
90, 375.42311669351824, 2612
98, 459.55179379349875, 2834
118, 677.1296679586864, 3406
3, 3.400120889003559, 90
162, 922.19060211758, 4692
162, 922.19060211758, 4692
118, 596.0878674756995, 3416
71, 309.04227408010405, 2052
45, 137.1694603828789, 1312
61, 215.54577803032754, 1780
12, 25.5173275487322, 352
32, 91.65779068085381, 936
32, 94.63476046757873, 938
77, 334.4232366719528, 2230
147, 857.2147199442892, 4234
70, 272.3278983797734, 2046
139, 733.1632842175061, 4008
139, 733.1632842175061, 4008
2, 2.154083941857589, 60
24, 54.8785852389213, 708
36, 100.32373336111586, 1054
36, 100.32373336111586, 1054
31, 116.62643126881757, 900
33, 96.70075108563967, 966
81, 216.69390410376607, 2378
30, 100.30059425183474, 878
47, 151.90003817938245, 1374
21, 46.496664217038635, 616
193, 940.1300746988161, 5572
40, 123.60713459273654, 1164
44, 174.28072957640154, 1280
37, 137.2993993255968, 1082
231, 1422.8198616431364, 6664
63, 256.8925400984767, 1824
217, 1201.6534604458836, 6286
217, 1201.6534604458836, 6286
136, 618.448367487842, 3962
131, 629.46364417369, 3786
94, 301.97399428421005, 2752
39, 106.90267263545269, 1142
42, 128.05213231667062, 1222
76, 219.69936973964553, 2220
40, 104.42224218298216, 1174
192, 740.3068770920862, 5568
45, 109.52074706942575, 1318
56, 204.787945117959, 1626
23, 40.853180229257816, 680
135, 505.1932695322665, 3910
41, 121.51829711771677, 1194
194, 970.2436796013903, 5616
194, 970.2436796013903, 5616
123, 337.8222000005476, 3596
53, 220.9853279471914, 1540
214, 1693.127556154551, 6172
214, 1693.127556154551, 6172
243, 1213.9268327703048, 7018
228, 1447.4733981448428, 6542
144, 751.8768337894637, 4154
39, 151.47783820596823, 1136
245, 1750.425746363987, 7074
245, 1750.425746363987, 7074
212, 1067.2481295119057, 6108
150, 1060.8590617863274, 4336
143, 630.435377248984, 4140
198, 1020.191398360331, 5716
184, 1024.762474764517, 5328
1, 1.1560279583355775, 30
156, 987.636737117415, 4500
84, 442.4269529227299, 2426
76, 389.70481206457106, 2212
103, 416.65331188681847, 3008
103, 416.65331188681847, 3008
211, 1285.9681874990758, 6088
1, 1.1383663616443778, 30
119, 664.1810070785455, 3428
1, 1.1386972644802675, 30
117, 505.65522206252734, 3394
32, 73.89090713362756, 938
46, 144.48129409919918, 1344
46, 144.48129409919918, 1344
111, 419.6683732678149, 3236
46, 144.48129409919918, 1344
203, 1523.1230199577212, 5860
126, 783.4099966470767, 3648
247, 1956.7558269169758, 7104
265, 1953.1941883447967, 7622
124, 703.5271528279706, 3608
81, 474.5766278208939, 2342
213, 1777.7996972934125, 6132
213, 1777.7996972934125, 6132
281, 2459.645957830274, 8068
30, 66.99839539104444, 878
50, 110.7982749773321, 1470
30, 66.9832998401272, 884
32, 94.64310937015698, 934
58, 131.87559962108443, 1708
45, 179.38333051137923, 1304
31, 74.0219725609968, 910
49, 124.48503924754345, 1436
31, 54.95644377723033, 916
58, 178.64548874576076, 1690
67, 314.40815404595327, 1946
14, 26.657522842845708, 412
68, 182.77689600363163, 2002
150, 821.3289951232994, 4358
150, 821.3289951232994, 4358
169, 851.4286311808905, 4894
74, 318.51997938032946, 2144
50, 132.61951485655896, 1462
79, 309.0837270804606, 2282
24, 60.46391356067377, 704
38, 122.6968045348479, 1106
91, 370.12079222311627, 2634
24, 64.24359245875847, 702
28, 65.39784091110204, 824
21, 45.03780004748022, 616
44, 95.16881537073742, 1296
25, 41.06037870466297, 740
293, 1913.5822124374627, 8458
293, 1913.5822124374627, 8458
220, 1380.745773526893, 6340
220, 1380.745773526893, 6340
17, 50.27802092892561, 496
50, 143.61556386579943, 1456
45, 141.38313251137672, 1316
38, 120.53723987222784, 1108
25, 58.591626726741204, 736
23, 56.553471027033765, 676
37, 100.55969724390258, 1084
31, 100.36870408227615, 900
30, 81.18711070690232, 876
48, 123.34178714484024, 1408
70, 196.12801075573572, 2050
24, 81.13079164397651, 692
36, 87.95646110989135, 1056
36, 77.69349179158712, 1062
1, 1.077332465238317, 30
34, 81.86820719111338, 998
34, 81.86820719111338, 998
32, 95.5016567287817, 940
55, 120.12618205268527, 1618
39, 90.24806973706558, 1146
32, 120.95675958192939, 924
42, 157.94816742572345, 1220
29, 112.39400463725552, 838
119, 496.190383639246, 3440
47, 134.66824482424315, 1370
23, 60.27726377016765, 674
22, 36.43508709636743, 652
35, 82.61956455999201, 1028
91, 337.5302480025376, 2636
73, 442.5988455681019, 2110
44, 157.3239468128947, 1282
171, 718.5409710729151, 4948
66, 179.68787931387155, 1936
84, 374.04235915769215, 2446
19, 52.37507333871619, 556
46, 145.5268239067353, 1338
49, 119.50327750057635, 1434
95, 271.29961418889894, 2774
115, 580.7212706319131, 3338
37, 106.52798663897799, 1080
123, 657.5102935636712, 3552
9, 12.758139697698034, 268
68, 260.321114300489, 1970
68, 260.321114300489, 1970
60, 184.648624476861, 1748
77, 360.8933900341579, 2220
70, 236.25376554521463, 2050
187, 605.7400566211892, 5452
15, 24.774171849957657, 444
26, 84.94072250208029, 758
36, 122.42323186337052, 1042
78, 329.0099646237786, 2258
143, 501.19740219692613, 4176
54, 152.4829079293799, 1582
182, 1094.0840353939893, 5250
43, 142.72253564047122, 1250
31, 102.80052671779667, 900
43, 186.1140050675717, 1254
48, 176.31962348438896, 1400
153, 717.3607244373261, 4440
135, 601.1250879795598, 3916
52, 161.2757856389358, 1516
173, 868.2605995576547, 4990
22, 41.0642608955873, 650
27, 69.94190815122201, 792
40, 84.04071811278386, 1182
76, 305.5119465208103, 2214
84, 358.1540050670534, 2424
84, 358.1540050670534, 2424
283, 1413.38093259519, 8208
1, 1.1246455742381274, 30
56, 288.20508122232167, 1616
265, 1222.127213468733, 7688
200, 1342.8515569184267, 5774
196, 1601.852430610854, 5658
222, 1179.7653498081443, 6384
101, 419.2208169770934, 2928
55, 159.5625016540149, 1604
89, 299.1533381873958, 2594
12, 28.587226789961715, 350
53, 135.68431393195894, 1552
36, 72.98799605956172, 1058
45, 107.8478371567835, 1318
37, 77.47161178616291, 1092
45, 155.74627262927262, 1312
43, 144.6413625959163, 1252
67, 202.1147437847472, 1952
54, 140.68856671231225, 1580
25, 55.20503985868005, 738
107, 543.7846078251218, 3086
53, 162.75911418480823, 1542
71, 207.65325539166162, 2078
25, 55.7966812166803, 738
82, 260.8237663307772, 2394
59, 207.96211791831473, 1712
18, 24.916831306683214, 536
71, 276.20624981370963, 2054
7, 7.267582645174154, 210
4, 4.1391524879672525, 120
15, 24.86690070896147, 444
32, 99.03298549991273, 936
1, 1.0376922860577715, 30
67, 223.21389086577014, 1948
150, 737.5708997964913, 4334
89, 429.6950152944459, 2576
89, 388.03692449762065, 2578
42, 142.34799486237515, 1216
21, 53.88008556404632, 616
119, 349.3427100395941, 3476
81, 242.8751335894563, 2366
139, 631.0324710785288, 4022
78, 304.261061893095, 2266
50, 166.97587250627143, 1458
109, 373.3311774524702, 3168
37, 131.193606825165, 1070
85, 352.57030174151674, 2454
70, 234.07093001181073, 2048
105, 295.9133120347076, 3062
186, 951.7279627537191, 5382
34, 77.69319706772355, 1004
19, 32.0535857038366, 562
57, 135.81084968608246, 1668
170, 759.68624722092, 4928
7, 13.622841952432596, 206
175, 678.7085988304785, 5096
21, 53.85122565994949, 610
4, 4.2245215262051214, 120
33, 88.96841056060451, 968
198, 877.552604204912, 5750
130, 636.0235904535647, 3756
74, 306.00551307330994, 2148
16, 26.740502722715178, 474
139, 520.7833349797803, 4028
69, 166.24464954077234, 2024
50, 167.99449907947275, 1452
32, 66.00567446236627, 940
60, 185.1793611984407, 1748
65, 241.57838151087074, 1888
116, 691.353833518231, 3344
112, 708.1347994027216, 3214
44, 160.07692714233505, 1286
142, 585.2170824915805, 4136
25, 78.32231394587558, 730
164, 1212.0007688273631, 4704
120, 511.0121168290779, 3472
106, 443.5093849875615, 3088
120, 513.5492571401855, 3454
52, 162.89894715660395, 1518
24, 35.63665896492864, 714
25, 43.088299317717144, 740
44, 121.48469574296891, 1292
16, 33.28241551255489, 470
31, 81.93252783112823, 906
43, 104.58271759706443, 1266
96, 461.52737259626065, 2778
74, 249.08391677326458, 2146
60, 215.17716579974106, 1756
47, 147.9682791920803, 1368
86, 352.55353764271695, 2504
63, 278.5905741160425, 1816
55, 164.37010317235362, 1604
84, 293.00913883817776, 2446
107, 561.0865091245913, 3094
106, 420.6011277556291, 3074
131, 420.85489220286576, 3820
199, 1017.8008072359181, 5736
77, 288.69955333867034, 2234
35, 129.50948749966264, 1012
134, 707.3796945417272, 3898
185, 908.0051828995314, 5348
34, 87.30717366712958, 994
39, 102.21334214093169, 1138
45, 117.83674938880026, 1318
96, 401.2164122843077, 2778
96, 401.2164122843077, 2778
45, 85.92769128179039, 1326
48, 121.01374419947177, 1402
22, 36.01542075701424, 652
59, 181.59416544099298, 1732
103, 458.241485510645, 3012
13, 29.674464597366843, 380
41, 101.29058459335981, 1206
211, 1210.659723100588, 6064
12, 19.07569707690208, 356
24, 44.62283002402271, 708
114, 358.72212818116867, 3326
34, 93.89170667839517, 996
49, 99.68917117372989, 1440
146, 710.5869436252169, 4226
50, 202.05898473562218, 1454
94, 265.5606548329375, 2746
49, 162.77129369265487, 1424
145, 491.91805718889566, 4232
29, 71.81690872024497, 850
12, 22.10319596394799, 354
113, 362.58057834201117, 3290
6, 6.298023590947018, 180
101, 390.0200890392455, 2946
141, 624.1285938863663, 4104
83, 365.0610914053983, 2418
33, 101.3543039508545, 966
110, 293.71376140416356, 3218
140, 636.9361223626619, 4052
66, 247.08594474650118, 1910
195, 751.4971250184058, 5670
195, 751.4971250184058, 5670
24, 34.94527203057027, 714
15, 28.663498192171616, 442
17, 27.546791295505873, 504
11, 21.25995889091681, 324
44, 129.2667720698609, 1280
53, 148.94825729143835, 1550
38, 107.59654355605821, 1116
21, 31.766384572493052, 624
23, 46.6371671756846, 676
27, 54.14703698106451, 794
8, 14.83001996425866, 236
33, 63.67395040871529, 978
75, 215.56239083621895, 2188
24, 45.48273905974003, 706
58, 144.04089736791474, 1702
55, 153.10370243085814, 1616
70, 176.57239865013594, 2048
128, 554.6128138135958, 3694
99, 308.39470519158147, 2894
20, 32.52495487888889, 592
8, 14.262639948185141, 236
15, 24.503428050317204, 444
26, 54.106515557964705, 768
209, 1016.2618815041627, 6038
33, 106.06001828944237, 960
24, 51.902338647636554, 702
123, 412.3477978287198, 3572
56, 187.8244084509503, 1624
146, 599.4758438596913, 4214
13, 19.194073663259704, 386
20, 53.406634092243614, 584
155, 700.78171291018, 4494
61, 197.6047742507623, 1784
1, 4.072005797357941, 28
56, 154.33853787770855, 1636
45, 109.34685527001344, 1316
100, 334.3057170097936, 2900
9, 12.45688512436147, 268
55, 141.53540428600166, 1614
92, 314.37657135054366, 2668
7, 13.461372830981377, 206
81, 232.92069793886094, 2364
55, 225.29559398312134, 1596
4, 4.12059660376823, 120
4, 4.122077901825012, 120
133, 543.2637227494301, 3842
133, 543.2637227494301, 3842
89, 406.9277728352291, 2572
113, 450.62810754159085, 3270
163, 515.574723654208, 4750
51, 175.53229310880272, 1486
113, 444.2165755104042, 3288
29, 64.65906162355162, 848
17, 27.15118052674428, 504
34, 79.38651385401282, 998
51, 134.85867545718642, 1496
21, 46.91989732011556, 620
2, 2.046295631980331, 60
183, 1017.4361188869315, 5256
81, 247.54540519234777, 2364
103, 344.1284802422254, 3022
14, 23.4424981170806, 414
196, 740.7742503976975, 5674
230, 1037.9886965449803, 6660
25, 46.5521788764645, 736
28, 83.0680632992801, 816
27, 69.81523013436777, 794
55, 211.55560196758188, 1600
88, 275.30909012092485, 2564
2, 2.0562633156085903, 60
64, 229.7912463370091, 1862
23, 36.32823932709157, 682
116, 343.3248903909174, 3380
116, 343.3248903909174, 3380
23, 83.23996694217962, 664
58, 160.96838770617123, 1692
11, 32.73558248338948, 322
113, 370.54208944627, 3284
8, 23.958981706439296, 230
44, 99.47995944789322, 1292
11, 14.596856730520297, 328
4, 4.147176328714375, 120
11, 17.621792006583526, 326
18, 28.115535148008156, 534
56, 152.9801783317676, 1638
56, 152.9801783317676, 1638
43, 88.96167492674128, 1262
35, 77.08204078315171, 1024
133, 430.73682315906603, 3878
22, 48.12484783628289, 650
27, 59.433287934180726, 796
15, 21.92311887467043, 446
25, 57.42215478740144, 730
17, 30.30726261728897, 502
146, 509.92382404952025, 4268
46, 133.06676166169598, 1338
55, 114.36312266430285, 1614
55, 114.36312266430285, 1614
120, 419.56267000823146, 3480
23, 70.25442932461299, 672
33, 83.83634921793937, 970
32, 67.22260489285155, 938
39, 95.93913225309275, 1146
10, 16.53133628258816, 296
8, 11.343688238939096, 238
46, 96.86123214470094, 1354
17, 45.59393537744211, 498
20, 29.92845713034274, 594
6, 5.937961807474522, 180
40, 69.61143253758573, 1180
103, 294.6240857001712, 3008
103, 294.6240857001712, 3008
19, 35.166870108770674, 560
296, 1143.3357066471192, 8578
17, 23.83230488843243, 506
52, 179.91698683010236, 1508
35, 94.16579293626081, 1024
32, 93.94743873721943, 938
29, 66.85317030944611, 846
83, 186.82156423425045, 2442
78, 309.16737393175555, 2264
66, 183.77513407985947, 1924
111, 460.6189437215581, 3212
20, 39.468054889546565, 588
38, 107.6483381857224, 1108
57, 146.31873156845182, 1672
87, 447.12312905215134, 2506
62, 140.23792973318578, 1818
2, 1.957767128778038, 60
83, 234.02004687589368, 2422
83, 234.02004687589368, 2422
1, 3.9309707743931135, 28
32, 60.937278065426554, 946
62, 233.3850049180458, 1802
131, 620.4150253324228, 3788
173, 732.6444337758275, 5020
8, 20.829205691788523, 232
62, 129.34927748094537, 1824
69, 181.2909059374552, 2018
46, 142.361667239076, 1342
46, 142.361667239076, 1342
46, 142.361667239076, 1342
1, 4.091949359811103, 28
186, 827.2666145784214, 5402
47, 119.05571480088865, 1376
47, 119.05571480088865, 1376
9, 12.305512041063972, 268
109, 306.4057873146529, 3188
109, 306.4057873146529, 3188
8, 17.671409302977832, 234
18, 46.92372275107057, 528
13, 22.902126783378584, 384
13, 25.9467203504034, 382
28, 57.19297784742784, 822
18, 34.18259401065583, 530
82, 329.7220571883773, 2392
98, 350.5954394380792, 2858
169, 1216.4016215874028, 4838
108, 526.4705104428224, 3120
94, 363.22439803588173, 2728
56, 150.98721411855487, 1638
55, 142.0305381109252, 1614
19, 48.05028593372706, 558
12, 18.77133008081618, 356
21, 37.729777985412696, 620
26, 61.71195604462375, 764
12, 15.651774945251772, 358
4, 4.150163689286707, 120
92, 479.1602863844071, 2658
87, 421.85251326129344, 2526
173, 1342.7612072990048, 4956
136, 756.6631796922609, 3950
137, 719.5199689942979, 3970
44, 167.77572264387254, 1284
104, 509.42129549027516, 2992
18, 31.201763674367488, 532
107, 384.47882605845115, 3096
107, 390.6976833547398, 3102
25, 41.15291470156824, 740
44, 137.89899484724387, 1284
31, 71.97881800415131, 916
78, 244.12155229126108, 2270
132, 644.9538777742753, 3802
17, 23.557847438307135, 506
84, 260.4931416712783, 2450
50, 156.26359454886335, 1468
89, 258.0260629532573, 2598
115, 324.24270672659975, 3358
14, 23.82206073085463, 414
181, 989.1977782959459, 5244
235, 1277.2109391819988, 6792
91, 224.3428034065261, 2666
129, 558.973446182721, 3750
94, 468.56221389056225, 2714
26, 53.02614725313235, 768
108, 396.6192863687193, 3156
252, 1100.134923086261, 7282
252, 1100.134923086261, 7282
252, 1100.134923086261, 7282
28, 72.15391742898156, 824
58, 249.2396297825518, 1682
124, 587.6458506522831, 3580
131, 402.81734357992224, 3818
40, 106.79634736968022, 1170
10, 19.71380732910883, 294
13, 18.893919586151537, 386
150, 518.6931186113356, 4362
150, 518.6931186113356, 4362
134, 401.9554650181385, 3908
5, 5.020056684113795, 150
45, 123.19074035235032, 1316
5, 10.999860627030703, 146
23, 37.66492173628546, 680
17, 34.24925587501888, 498
168, 954.0832705181383, 4864
12, 17.70547791864172, 356
5, 5.25072362192639, 150
15, 23.767127186534356, 444
7, 10.508112038078645, 208
22, 45.387014418428286, 650
20, 31.659406831370845, 592
13, 24.74358002449622, 382
11, 17.853424205423888, 326
16, 35.69375273784669, 468
9, 12.612042733936379, 268
9, 12.544047473491336, 268
31, 75.50717688726573, 908
192, 1378.0248506308767, 5540
49, 109.91075386949747, 1444
41, 112.55009489763549, 1192
14, 30.497808505758304, 410
32, 68.18744087763125, 938
91, 338.25625402179867, 2640
192, 612.9706419034239, 5594
62, 228.470425119081, 1798
49, 180.80080788710714, 1424
74, 299.8760245830503, 2146
127, 587.9332515704748, 3672
29, 81.4573466848086, 850
201, 1101.439956287037, 5794
201, 1101.439956287037, 5794
16, 26.533990033928788, 474
218, 952.8375979480641, 6318
139, 686.3917926702688, 4034
23, 39.544094622656246, 680
211, 1194.5469603509973, 6064
131, 714.3435884391422, 3794
131, 714.3435884391422, 3794
228, 1326.9050201132939, 6576
28, 80.91289235710678, 820
222, 1319.973809409933, 6408
61, 180.59492599890973, 1782
170, 1074.688425870464, 4920
233, 880.4770303196319, 6786
24, 38.46998178436903, 712
157, 964.684582444059, 4554
74, 207.06233230270556, 2164
30, 73.61961334227287, 880
31, 65.38961786416473, 916
113, 469.56233647303304, 3280
55, 123.21793322718285, 1616
8, 18.149548754836474, 234
38, 78.72329787786757, 1122
180, 721.5403685274977, 5196
233, 1048.9192655834474, 6736
68, 268.8323401359062, 1976
67, 223.96533390137787, 1944
43, 116.14019631490436, 1264
35, 116.31290191999942, 1018
20, 37.20230599608581, 590
209, 887.5077409748529, 6056
18, 37.7562682946544, 528
167, 1018.3546335662793, 4798
216, 1276.9001026362919, 6244
185, 1147.1403247574372, 5368
86, 340.3024269106383, 2478
102, 421.0359503686564, 2970
232, 1007.0390844210076, 6716
33, 91.95349630308323, 964
45, 115.76986278243378, 1322
204, 843.4739926513392, 5900
59, 145.85873220810325, 1726
213, 1430.6763679376672, 6134
85, 306.5483634691844, 2466
54, 186.56661984378087, 1558
4, 4.050100484472218, 120
170, 915.1122399911918, 4890
24, 39.14512278272415, 710
62, 169.57423781995792, 1804
249, 990.9616688752986, 7232
109, 596.7420105060452, 3132
116, 567.3299198792159, 3362
141, 612.9369343649626, 4078
76, 275.0297231831649, 2206
167, 770.4328645098929, 4840
15, 25.14990322317812, 444
1, 1.0485628386207129, 30
264, 1114.0780588675964, 7652
48, 107.54060475700494, 1412
48, 142.32777335948236, 1396
26, 44.39587072345516, 770
187, 1058.0321936506905, 5422
155, 1190.0853095853288, 4462
34, 89.9227576916337, 1000
238, 1034.7480130225233, 6908
59, 200.9917776867195, 1716
138, 554.9147134746713, 4006
281, 1066.5049182728076, 8164
30, 87.15520897585837, 880
174, 1174.827390122616, 5030
174, 1174.827390122616, 5030
1, 1.1101675074287032, 30
75, 300.2054931960627, 2174
130, 614.9490857903677, 3766
1, 1.107449549173312, 30
195, 1003.049617826802, 5650
195, 1003.049617826802, 5650
195, 1003.049617826802, 5650
195, 1003.049617826802, 5650
195, 1003.049617826802, 5650
21, 31.485164306918588, 624
4, 4.423985629464823, 120
8, 15.38091070324373, 236
18, 29.634805070881047, 534
32, 68.41171424680687, 940
20, 35.200480845092365, 592
30, 89.60729681057667, 872
22, 53.945309737954204, 648
36, 95.99206310581064, 1058
23, 65.05047154098382, 672
28, 64.20040824281261, 826
205, 1091.6992544331122, 5962
205, 1091.6992544331122, 5962
205, 1091.6992544331122, 5962
34, 104.21828480522423, 992
24, 69.90910164248153, 706
21, 43.35373908561962, 618
14, 42.32867263329233, 410
19, 37.92266561921595, 560
32, 91.95257673332385, 938
32, 80.73176822369528, 938
321, 2089.2831663015804, 9234
321, 2089.2831663015804, 9234
14, 27.32378806986107, 412
123, 832.3428797980445, 3532
139, 707.449336069817, 4030
104, 488.7805793756409, 3002
95, 394.66121372137826, 2742
48, 125.63849891252184, 1412
50, 101.85682027824448, 1470
14, 27.90556594433519, 412
261, 1483.1089465642822, 7532
261, 1483.1089465642822, 7532
117, 730.4900940682198, 3382
308, 1261.4709941407546, 8930
308, 1261.4709941407546, 8930
308, 1261.4709941407546, 8930
36, 94.6894178685189, 1058
55, 124.64904927632928, 1622
24, 52.33271326335838, 710
19, 56.996325705572296, 554
17, 27.30735666586427, 504
195, 1517.0382127708224, 5620
248, 1736.587461103097, 7184
147, 1127.2866794139402, 4222
20, 36.80486582451437, 590
20, 33.67062306954306, 592
92, 353.5997477309141, 2674
92, 353.5997477309141, 2674
70, 217.76554914588706, 2038
126, 702.122662598827, 3638
191, 814.0776599852712, 5532
14, 30.437982672866422, 410
131, 334.1891414223678, 3830
23, 40.105770994159364, 680
43, 70.59761899799936, 1274
76, 207.1252251115702, 2224
117, 463.2142594409077, 3384
109, 276.33115159579677, 3186
51, 197.81947525724783, 1474
36, 119.56427220324268, 1046
53, 108.9231584677599, 1556
31, 66.3194833973336, 914
42, 100.15256222741887, 1230
19, 41.98008608168345, 556
40, 76.38662693328413, 1178
308, 1038.573382489807, 8968
33, 63.02661762476872, 972
21, 37.56194896611501, 620
24, 44.05339788878169, 708
17, 42.52394874361765, 494
23, 52.38367192862354, 678
165, 811.2453189125669, 4794
15, 24.875659069710625, 444
25, 35.33808036332729, 744
21, 44.14828183967682, 616
38, 64.77250813004105, 1124
28, 63.59465182274231, 824
35, 64.70036916049249, 1032
259, 1643.711667893661, 7488
259, 1643.711667893661, 7488
23, 43.61067186785766, 678
13, 26.301955311941253, 382
29, 72.1681116542992, 844
133, 609.9272489341123, 3850
22, 45.65742936099494, 652
21, 31.820682805961354, 624
139, 903.1355215614749, 4006
199, 1068.620826741621, 5726
144, 951.0120533058716, 4166
13, 25.711873712704964, 382
27, 76.83672755026284, 784
30, 58.33816737249401, 888
73, 214.07883086179294, 2130
1, 1.0794397937727684, 30
82, 312.50231330088354, 2388
1, 1.0833905981119838, 30
77, 303.8021158746576, 2234
77, 303.8021158746576, 2234
90, 307.31199797399233, 2618
30, 93.44511839195492, 874
39, 87.29655514395125, 1148
79, 232.18769882742134, 2304
79, 232.18769882742134, 2304
46, 81.6778867422948, 1360
25, 78.79892073005045, 730
26, 66.7206688344643, 762
26, 41.168305249815276, 772
4, 7.558631612780403, 118
11, 18.449368966903357, 326
23, 86.46501178426625, 670
112, 436.9728889378725, 3238
112, 436.9728889378725, 3238
182, 904.5555788787441, 5266
196, 1193.5035113681288, 5648
1, 1.084836606789928, 30
192, 975.1582715354915, 5544
181, 1064.5177942839566, 5216
30, 67.11619653942739, 884
244, 1220.436659256388, 7062
244, 1220.436659256388, 7062
244, 1220.436659256388, 7062
32, 63.15924103773125, 942
23, 40.56739931085071, 680
26, 62.46847928368197, 758
212, 732.6203431400594, 6164
21, 38.318140867087266, 620
35, 65.75984950884411, 1032
20, 37.46378744908001, 590
25, 45.99654786621029, 738
27, 60.69763699740015, 796
217, 1401.9342876313233, 6264
217, 1401.9342876313233, 6264
24, 57.315504330251464, 706
61, 125.49652358165412, 1798
24, 51.12269343828791, 704
195, 1487.4472760311057, 5618
161, 1445.2002254591102, 4616
140, 678.8334997372207, 4042
160, 792.6288426108621, 4636
258, 1068.7600424865213, 7470
28, 84.02889941243156, 820
25, 57.52955239544782, 738
204, 671.5818709233959, 5940
24, 46.30634103506776, 708
26, 62.024328588404096, 766
152, 564.5288057268475, 4440
29, 57.479483250938195, 854
13, 27.01895566608323, 382
21, 61.615155397737134, 612
48, 133.42327163025345, 1408
234, 1502.729259190554, 6746
234, 1502.729259190554, 6746
192, 993.3546007086134, 5554
173, 1423.6227051587164, 4970
2, 2.184414838855634, 60
33, 85.71020775690707, 972
147, 614.4341847822144, 4274
147, 614.4341847822144, 4274
147, 614.4341847822144, 4274
82, 280.5314055494255, 2374
18, 32.39756026966614, 532
11, 15.202077718611315, 328
42, 120.82683577180119, 1226
40, 114.85382821258177, 1174
17, 48.01046297750894, 498
93, 338.31209494860286, 2704
183, 1093.918247995869, 5288
40, 105.47227118446965, 1168
280, 1848.2072425223735, 8074
280, 1848.2072425223735, 8074
183, 957.1774702446123, 5292
48, 134.3808435096984, 1406
235, 1239.9491074085295, 6796
187, 1011.1033580738347, 5408
317, 1602.887155047319, 9184
33, 96.86312918719467, 966
25, 47.84677148595779, 738
123, 684.0743882808443, 3548
1, 1.1092527063225959, 30
81, 330.1837200495518, 2348
4, 11.210556656336149, 116
26, 59.553633375579174, 768
134, 430.5777779938314, 3908
130, 597.8788638295157, 3768
122, 708.4029458285129, 3520
71, 301.1682856922299, 2066
123, 661.7171403628946, 3550
123, 661.7171403628946, 3550
