1008, 5244.612221964914, 30820
653, 3582.1313149029806, 19878
731, 3233.5119742738652, 22290
1116, 6396.811961547616, 34068
3, 0.8512888649380459, 96
1456, 9599.749777135423, 44342
805, 4138.700860850831, 24650
740, 2806.9404608735163, 22710
759, 3457.160506222388, 23196
118, 126.89211882707369, 3668
277, 477.77867571188614, 8530
216, 336.01988165868437, 6632
964, 6319.6546548475035, 29394
1104, 7241.404466022084, 33698
3, 0.8922458693546602, 96
1487, 8601.32176790859, 45278
359, 447.3429598827211, 11114
5, 1.551486109593531, 160
4, 1.2402645748537524, 128
6, 2.7933137056524036, 190
5, 2.49330426928249, 158
14, 4.412424228105285, 446
5, 2.4763507991702336, 158
1, 0.3103967043993296, 32
1, 0.3093719487814609, 32
1, 0.310878235639032, 32
2, 0.6217362436705965, 64
1, 1.241785582516137, 30
4, 1.2434732305857514, 128
1, 0.310878235639032, 32
5, 1.5533874266471077, 160
6, 1.8654211087625794, 192
1148, 7297.298561250637, 34972
74, 66.66391113669121, 2296
1136, 5269.284515087209, 34744
9, 3.714241601056186, 286
1, 0.31091830486498323, 32
6, 1.8565133073408322, 192
1314, 11853.219099889306, 39946
8, 2.483260190008539, 256
14, 4.093724372258544, 448
389, 971.4132115665714, 11974
2, 0.5893412254254573, 64
10, 4.035320917319309, 318
4, 1.2402736836511183, 128
63, 32.62279284923409, 1988
5, 1.5537547796500502, 160
10, 3.838456713249199, 318
12, 4.662460329678619, 382
686, 1103.6036145225135, 21208
686, 1103.6036145225135, 21208
7, 3.09369932443789, 222
2, 0.6186600694583033, 64
5, 1.5510968565469396, 160
4, 1.2304318240225516, 128
36, 27.012257823445285, 1124
43, 25.39864878815525, 1350
17, 8.023741307693312, 538
2, 0.6158519702013174, 64
1187, 5308.75397808544, 36428
4, 2.0563144926355945, 126
2, 0.6060936753232473, 64
59, 48.561889664752556, 1838
1212, 4503.544932175961, 37086
123, 209.35242390719955, 3774
1245, 6216.553099603852, 37988
19, 8.196561894038902, 602
3, 0.8868797142801819, 96
52, 70.26648390126644, 1612
21, 9.713832616561051, 664
33, 17.698656525334993, 1038
62, 40.28992497518691, 1946
9, 4.4342486429752155, 284
6, 1.7666456714602388, 192
64, 95.0121841220737, 1990
24, 10.155965311369512, 760
12, 5.252998038210577, 380
2, 0.5879556840328446, 64
7, 4.727062761988377, 218
1392, 5328.452156616407, 42638
1392, 5328.452156616407, 42638
45, 46.82277754996026, 1394
16, 6.4363744243779175, 508
55, 39.47560493380869, 1716
60, 43.860676493491944, 1874
61, 29.967658854981128, 1922
1092, 7030.502901006016, 33220
36, 25.76985040332112, 1122
26, 13.49306922760691, 818
20, 8.000189923968108, 632
42, 29.963018688858664, 1314
24, 13.666918299476553, 752
13, 5.5151650071603955, 412
12, 5.224028141693669, 380
10, 2.895966545055757, 320
1709, 6961.167740003072, 52016
490, 1167.9936404393316, 15022
1247, 7534.790959917474, 38080
398, 1236.0121492540022, 12202
1362, 5694.656509134205, 41544
807, 2907.0297331677125, 24676
694, 3108.4112565820597, 21274
1037, 4987.437781572917, 31672
1037, 4987.437781572917, 31672
936, 4710.713546351644, 28550
977, 4826.815130364101, 29806
1197, 5885.931761287533, 36566
1197, 6031.895136463293, 36494
1230, 9193.926201879493, 37544
1230, 9193.926201879493, 37544
299, 577.2430923168542, 9180
519, 1410.477524576387, 15882
335, 768.2297573162797, 10282
11, 4.92060100851732, 348
311, 637.2456523609038, 9560
534, 1149.8632052365128, 16388
584, 1992.6549101272458, 17824
610, 2015.0447085448407, 18616
972, 4580.302886171242, 29574
389, 999.9519403406855, 11902
1273, 7900.108309661907, 38780
595, 1638.1353998681907, 18228
43, 17.39073973431428, 1360
1, 0.2594150769069909, 32
3, 1.5035576392043766, 94
928, 3285.5685175906397, 28426
928, 3285.5685175906397, 28426
28, 17.353707301797886, 882
7, 2.5870426083198526, 222
620, 2041.4728538938339, 18966
830, 3531.4975777400286, 25280
879, 4840.141071874772, 26788
865, 3295.444451007925, 26368
995, 4329.500614798207, 30458
781, 3076.3371490897594, 23896
470, 1728.4627043741857, 14384
1095, 4516.369336482421, 33444
179, 243.82348093665294, 5542
405, 1063.2601275417628, 12382
939, 3490.0496351085667, 28722
561, 2090.317652854838, 17138
10, 4.985916852355712, 314
778, 2146.6893457349415, 23832
1008, 4173.753771797382, 30714
857, 3341.3487912760506, 26178
377, 697.571491336769, 11600
531, 1094.432897830186, 16378
531, 1094.432897830186, 16378
235, 393.0892251759724, 7244
840, 1764.3981592199818, 25780
840, 1764.3981592199818, 25780
1060, 4578.855065541155, 32456
833, 2966.3743442118694, 25456
1103, 5063.8330980127985, 33622
5, 1.2969781012801203, 160
586, 1494.078116296276, 17942
28, 16.387685159868692, 878
823, 3019.3706092520347, 25112
511, 2223.0465436355107, 15594
31, 12.926661247540501, 978
867, 4265.053762205379, 26460
126, 154.54115889466325, 3916
62, 61.10676951780518, 1912
1, 0.2621104288077885, 32
122, 148.61352465538528, 3776
961, 3485.8106480727383, 29402
961, 3485.8106480727383, 29402
1314, 5744.119256520228, 40080
1132, 5316.582321882158, 34618
1294, 4600.417861885403, 39600
1416, 6323.023565461724, 43282
982, 4036.4602048897004, 30088
982, 4036.4602048897004, 30088
1023, 4999.014000853137, 31274
844, 3684.7734507481473, 25830
572, 1349.3349158665524, 17544
1816, 7474.596418433916, 55598
1056, 5516.359483895364, 32222
1028, 4249.496241607364, 31508
1120, 6381.747104685045, 34146
817, 4202.1234432131105, 24846
991, 4050.5829565879076, 30348
1246, 8409.02243227503, 38004
806, 3059.32514019564, 24630
1158, 6681.239054169689, 35444
1158, 6681.239054169689, 35444
2, 0.5810715213504323, 64
99, 92.60416914183484, 3082
99, 92.60416914183484, 3082
99, 92.60416914183484, 3082
125, 148.05884511003453, 3882
58, 63.956128217508244, 1802
96, 86.47261652764766, 2998
5, 1.4574658873656163, 160
1, 0.2915541687145581, 32
253, 319.6417416414906, 7822
228, 492.37197314429886, 7014
59, 48.916555342250874, 1840
85, 104.65441406362142, 2634
303, 756.2873111693533, 9306
285, 724.0376837359552, 8740
252, 422.46883551932024, 7746
514, 1810.8540698857175, 15692
235, 577.5905735561371, 7186
599, 1452.5007129759288, 18374
407, 1300.6081703997615, 12446
88, 115.23066962662706, 2740
130, 138.36815954570096, 4028
103, 110.20727538121132, 3194
119, 147.1065819265633, 3688
405, 829.4106890016791, 12468
297, 816.9153900163782, 9086
97, 113.70445580379231, 3016
537, 1060.4948434774556, 16538
547, 1315.1661969144418, 16852
68, 62.089667808480826, 2126
149, 171.44961972615806, 4632
144, 146.58504381829164, 4466
198, 387.6916080470132, 6114
227, 420.5454929999974, 6966
463, 1384.3617220968802, 14194
318, 949.0419911000703, 9722
503, 1694.7693501091098, 15396
579, 1185.9042064100063, 17844
308, 798.0885136826515, 9436
8, 2.2773542506873508, 256
444, 1051.6505687430006, 13662
393, 510.6665559827487, 12160
29, 16.929263583227552, 908
236, 506.09568622830284, 7246
2, 0.569962798057725, 64
2, 0.5696708963102026, 64
4, 1.1401112044125268, 128
600, 1383.355201947383, 18424
600, 1383.355201947383, 18424
600, 1383.355201947383, 18424
53, 46.10503836499196, 1648
121, 174.3433104754325, 3720
416, 1225.4074487453497, 12758
416, 1225.4074487453497, 12758
416, 1225.4074487453497, 12758
416, 1225.4074487453497, 12758
416, 1225.4074487453497, 12758
7, 1.9951571903948846, 224
4, 1.13992980508193, 128
409, 1144.1631803079079, 12568
3, 0.8512888649380459, 96
210, 405.4281340296544, 6458
435, 835.9916517639226, 13406
435, 835.9916517639226, 13406
57, 47.74993755302838, 1770
55, 44.676542578596816, 1712
467, 1015.542329513416, 14330
432, 1049.608467482631, 13256
17, 7.25343215397124, 538
430, 918.7157217783134, 13250
291, 558.192015265943, 9004
254, 597.9058310092668, 7852
247, 557.4923418625441, 7602
257, 465.52889351519775, 7914
164, 216.16138494847527, 5098
447, 1075.8513461910704, 13716
104, 123.36840860844966, 3222
222, 342.5116431857792, 6856
160, 170.14161443177392, 4984
263, 521.5450951498108, 8072
27, 22.161785809329803, 842
235, 479.88678787336437, 7220
123, 178.861081864662, 3804
248, 396.11645157164895, 7656
210, 410.9202999464325, 6450
275, 384.45032218153733, 8520
132, 199.38014331511224, 4076
3, 1.7166250043813471, 94
266, 321.96328293153334, 8252
266, 321.96328293153334, 8252
217, 355.38945365229387, 6678
191, 330.97981901699103, 5874
344, 819.8721986970334, 10570
344, 819.8721986970334, 10570
378, 607.1523685119835, 11622
6, 1.8565133073408322, 192
41, 35.71268132146495, 1280
60, 61.44523203728539, 1860
490, 1069.0114486030084, 15082
490, 1069.0114486030084, 15082
33, 17.044567687004758, 1040
33, 16.16233961830279, 1042
4, 1.2402736836511183, 128
5, 1.5510968565469396, 160
276, 685.6353841368069, 8438
30, 17.067018166499164, 942
6, 2.7933137056524036, 190
47, 35.647357069076904, 1468
5, 2.49330426928249, 158
359, 447.3429598827211, 11114
354, 597.0964663452112, 10930
5, 1.551486109593531, 160
4, 1.2402645748537524, 128
28, 15.575517922178687, 880
35, 31.90077234896858, 1090
1, 1.241785582516137, 30
100, 120.17319930165684, 3112
141, 217.72788028907254, 4358
356, 742.6054129292529, 10968
356, 968.8587799043395, 10896
564, 1946.291587090787, 17290
341, 1014.2069520752294, 10460
517, 1547.0914435552672, 15834
276, 487.1367700311234, 8520
276, 487.1367700311234, 8520
510, 1653.4212157364482, 15622
27, 18.8438299476245, 846
4, 1.2434732305857514, 128
1, 0.310878235639032, 32
13, 6.576544728825377, 410
35, 22.12124774989127, 1094
16, 9.26531858451224, 502
1, 0.3093719487814609, 32
26, 17.767762502737526, 816
380, 891.1043567234284, 11684
322, 746.5722889953719, 9912
203, 417.2817035188222, 6216
337, 669.4953734823388, 10424
400, 1013.012294759212, 12300
518, 1728.0860685838709, 15836
570, 1962.8987014345287, 17450
226, 606.5526440009303, 6932
291, 642.3263028891038, 8966
262, 479.3308296230944, 8114
518, 1473.405212867954, 15868
630, 2245.126031688001, 19306
3, 0.8922458693546602, 96
447, 1490.3906862024608, 13722
434, 1317.9124473272707, 13292
609, 2872.1198856840674, 18574
971, 4135.1494766231635, 29584
28, 19.145827303428767, 878
37, 24.52441828212237, 1160
54, 36.74727278736719, 1688
50, 39.99525312735073, 1562
81, 60.05920919885569, 2530
56, 44.59020542275295, 1748
162, 250.4059814164089, 4998
78, 73.77690510548074, 2432
5, 2.4763507991702336, 158
760, 3003.735498421624, 23196
51, 30.722296213441087, 1600
55, 53.383402418751004, 1708
82, 93.90564063481223, 2536
6, 1.8654211087625794, 192
35, 21.254372593743177, 1096
68, 66.19415929136346, 2104
110, 125.26414890795824, 3416
10, 3.838456713249199, 318
42, 25.991579288124914, 1314
9, 3.714241601056186, 286
1, 0.310878235639032, 32
2, 0.6217362436705965, 64
1, 0.31091830486498323, 32
8, 2.483260190008539, 256
2, 0.6158519702013174, 64
325, 678.2153323288164, 10026
30, 25.319668205063973, 928
439, 934.1307112033735, 13434
331, 652.232213455133, 10192
222, 283.50418526345965, 6876
313, 741.4980474938005, 9612
10, 4.035320917319309, 318
1, 0.3103967043993296, 32
139, 209.3905953271715, 4294
5, 1.5533874266471077, 160
63, 32.62279284923409, 1988
111, 125.53050522018268, 3428
100, 102.21936913818378, 3104
63, 64.10718473973884, 1962
97, 94.65054533548721, 2994
202, 344.427697066853, 6230
92, 102.32481241744425, 2850
142, 147.27004359460088, 4406
370, 788.8224624819197, 11390
39, 40.142848168007106, 1210
615, 2176.2837023110383, 18832
4, 1.2304318240225516, 128
17, 8.023741307693312, 538
551, 1019.9830524254504, 17052
76, 68.45235682769696, 2374
79, 75.30298885145395, 2448
43, 25.39864878815525, 1350
7, 3.09369932443789, 222
2, 0.6186600694583033, 64
5, 1.5537547796500502, 160
36, 27.012257823445285, 1124
12, 4.662460329678619, 382
725, 1068.0820892455722, 22432
15, 7.049891518060049, 474
18, 7.931921344738337, 570
66, 37.39005034998501, 2076
366, 1100.316540091076, 11228
780, 2696.678906171135, 23916
968, 3199.9493633399493, 29626
272, 544.5272521873997, 8388
15, 10.575484565422405, 466
16, 9.983724299561747, 500
3, 1.5035576392043766, 94
338, 542.4612058407204, 10366
338, 542.4612058407204, 10366
71, 48.89212358791531, 2214
326, 441.322499252746, 10068
250, 252.68014049076731, 7744
39, 22.01274441791475, 1224
26, 23.556275954289443, 808
106, 90.05306645958854, 3312
140, 187.47494707062702, 4322
40, 24.968998846301595, 1256
81, 73.82909100472644, 2526
117, 157.3331586641659, 3620
391, 802.6527512969167, 12060
520, 1073.0761176779058, 16006
218, 368.12859973338556, 6728
106, 101.31518335036512, 3286
62, 50.9561829583257, 1940
172, 230.53571249981084, 5320
172, 230.53571249981084, 5320
72, 70.5436209616985, 2234
47, 36.82586629700786, 1464
26, 16.4871296141136, 818
2, 0.5891128029631585, 64
23, 14.128486651538706, 726
134, 117.49746025917501, 4170
134, 117.49746025917501, 4170
1, 0.2994966943505685, 32
1, 0.29983946368780323, 32
376, 410.54826572382746, 11672
143, 145.86383228056528, 4444
109, 180.42047076744487, 3358
135, 189.21512600295515, 4168
115, 130.82158562480674, 3572
279, 514.4736687291414, 8604
508, 1404.1165723928955, 15626
72, 76.71791109944122, 2236
14, 4.093724372258544, 448
21, 9.766168790523238, 664
51, 36.180787339459954, 1596
70, 76.3219972533314, 2174
59, 62.33946729354529, 1834
23, 10.291565884179706, 728
128, 129.66077995740022, 3960
128, 129.66077995740022, 3960
39, 33.51321764072897, 1216
40, 22.287409764481446, 1262
26, 19.075450245003925, 812
1, 0.2951371746391898, 32
110, 117.34751431757407, 3418
19, 8.196561894038902, 602
214, 485.02209621765206, 6574
43, 42.45928724029135, 1338
33, 32.703998017724665, 1022
2, 0.5879556840328446, 64
17, 15.547768605220027, 526
2, 0.5893412254254573, 64
198, 383.0842014652315, 6102
204, 252.41716893917052, 6316
234, 404.8021844049207, 7244
65, 54.17810186474987, 2026
123, 209.35242390719955, 3774
2, 0.6060936753232473, 64
343, 1003.0393737783158, 10510
111, 137.3275320764263, 3426
160, 233.60393826642104, 4950
497, 1061.3026339069072, 15218
170, 226.33110963515864, 5268
540, 1360.8359997227385, 16570
59, 48.561889664752556, 1838
159, 204.41207549624374, 4912
356, 758.6736239766689, 10946
151, 220.0884454198629, 4658
262, 461.41623779133363, 8072
380, 712.514559132259, 11684
380, 712.514559132259, 11684
380, 712.514559132259, 11684
106, 117.45222376827174, 3294
197, 344.50884204222007, 6062
43, 43.131803295884446, 1338
182, 325.47984633422004, 5618
169, 182.08832369441893, 5236
23, 22.052183149208016, 714
61, 57.17191683562803, 1888
158, 261.9669844675501, 4874
3, 0.8975388113255504, 96
387, 928.3453069202484, 11920
68, 44.100064326833035, 2134
45, 52.5026273699073, 1388
560, 1395.028792826389, 17186
560, 1395.028792826389, 17186
16, 6.4363744243779175, 508
210, 414.1733737769017, 6442
210, 414.1733737769017, 6442
348, 1072.8776916075992, 10678
93, 70.31145915153184, 2908
12, 5.252998038210577, 380
441, 1434.8230013133173, 13486
441, 1434.8230013133173, 13486
4, 2.0563144926355945, 126
3, 0.8868797142801819, 96
9, 4.4342486429752155, 284
6, 1.7666456714602388, 192
624, 1453.123896920577, 19142
7, 4.727062761988377, 218
33, 17.698656525334993, 1038
45, 46.82277754996026, 1394
52, 70.26648390126644, 1612
481, 650.3489002113437, 14894
21, 9.713832616561051, 664
36, 25.76985040332112, 1122
64, 95.0121841220737, 1990
62, 40.28992497518691, 1946
116, 195.062704181174, 3576
432, 792.3630787086054, 13280
127, 128.34577779998062, 3938
208, 358.2414197723274, 6396
104, 124.32491619905986, 3216
246, 410.8730218372868, 7556
328, 967.8007507643263, 10062
26, 13.49306922760691, 818
42, 29.963018688858664, 1314
55, 39.47560493380869, 1716
24, 10.155965311369512, 760
24, 13.666918299476553, 752
61, 29.967658854981128, 1922
222, 489.87870292615617, 6850
488, 1329.6433839562465, 14948
76, 83.17186184337417, 2340
60, 43.860676493491944, 1874
177, 347.38327385292445, 5440
467, 1370.153186425358, 14318
467, 1370.153186425358, 14318
13, 5.5151650071603955, 412
49, 65.59608892087992, 1522
280, 645.8666838369367, 8604
12, 5.224028141693669, 380
116, 182.673836758524, 3568
176, 252.16495244327223, 5432
146, 175.3819088271643, 4536
391, 1100.515686206303, 11952
688, 1892.9891890039323, 21096
14, 5.639739433073275, 444
98, 119.0480908686275, 3040
202, 222.68598709952258, 6270
379, 1006.4301020077869, 11654
379, 1006.4301020077869, 11654
379, 1006.4301020077869, 11654
86, 97.7919085028357, 2666
88, 117.67813546390387, 2726
116, 125.32590723625216, 3592
117, 147.69533716960478, 3602
218, 559.1329191436772, 6706
292, 567.6510213142454, 8970
107, 141.0671449847779, 3322
271, 539.5298117462984, 8332
89, 104.87702577640036, 2766
68, 56.92791629769906, 2116
157, 231.32890209077598, 4828
189, 359.70399792149266, 5802
11, 4.92060100851732, 348
450, 1358.4835429048242, 13756
10, 2.895966545055757, 320
7, 2.0224030920878127, 224
93, 96.85438392017858, 2874
412, 1252.5303106875524, 12594
412, 1252.5303106875524, 12594
83, 105.97792625652627, 2552
209, 429.33838251185574, 6414
214, 359.34174419348903, 6576
94, 119.554866597196, 2910
136, 141.63321474869397, 4232
62, 54.00414668543178, 1932
65, 56.337403652759946, 2022
25, 18.29017093467153, 786
108, 99.60280075982088, 3350
128, 134.72460109957333, 3976
189, 237.94593348162473, 5830
444, 711.5840875400482, 13682
121, 207.02223914584815, 3732
550, 2467.8439046632957, 16782
550, 2467.8439046632957, 16782
563, 1895.8422071107304, 17260
416, 1443.44223596236, 12714
603, 1886.469152174903, 18478
54, 50.508739822601065, 1694
96, 76.9657095421286, 2998
67, 65.35220388092685, 2078
6, 2.570758283936175, 190
21, 9.975559251224505, 662
193, 404.9212105946059, 5936
377, 1386.1979455038836, 11526
377, 1386.1979455038836, 11526
148, 202.69887521714563, 4574
202, 345.4577045769061, 6240
52, 49.08716339829336, 1616
72, 84.85777450225712, 2232
139, 219.6936545777715, 4284
103, 86.39950913615134, 3194
133, 179.9581895254896, 4092
70, 69.7302829530249, 2190
126, 174.66314974024172, 3900
126, 174.66314974024172, 3900
298, 323.27166451361484, 9238
133, 180.37111525340387, 4108
167, 171.0942185824206, 5176
96, 120.11560954940252, 2974
60, 53.09064849505762, 1860
171, 175.61450058802913, 5296
158, 260.2710225382983, 4886
292, 478.1244184653202, 8998
262, 528.4530578536032, 8044
61, 45.61280178746907, 1910
238, 333.05120878819963, 7366
189, 428.05158201671543, 5784
264, 631.8471641849959, 8090
5, 1.4168059553765364, 160
368, 859.5910939215263, 11334
368, 859.5910939215263, 11334
276, 546.7868658764243, 8500
164, 282.32465271076694, 5056
93, 120.02125227366373, 2872
137, 192.85544227617936, 4232
32, 18.07495297031031, 1000
74, 78.06696432478282, 2300
61, 81.52108345533384, 1892
164, 313.2422605419579, 5020
343, 802.8639051824404, 10530
200, 242.94884875330217, 6194
298, 690.4226975155938, 9116
298, 690.4226975155938, 9116
4, 1.0770097934788239, 128
56, 44.925192510551945, 1742
100, 81.17549339600971, 3120
100, 81.17549339600971, 3120
99, 100.20645101635483, 3076
93, 81.69458184744661, 2908
187, 181.9738220275487, 5816
68, 84.97499361170829, 2126
118, 129.99434303874062, 3668
43, 36.81163401874236, 1340
396, 878.0148627091444, 12136
119, 102.36859254554585, 3712
116, 154.42689464082028, 3596
83, 118.4832300184159, 2570
531, 1336.6584077015266, 16312
165, 229.71180509166157, 5120
498, 1121.395998431336, 15312
498, 1121.395998431336, 15312
299, 574.3887954491698, 9166
308, 577.4748261087046, 9492
222, 268.1938433134195, 6854
91, 91.78182912253415, 2818
97, 113.54981330873436, 3012
202, 186.2426309408583, 6268
91, 89.89444757830235, 2816
439, 671.8912353708897, 13530
98, 89.9187355142557, 3050
141, 177.71531291658997, 4374
41, 31.98399415680329, 1278
318, 452.90053030465793, 9802
101, 102.16239133567831, 3130
412, 911.3126866210858, 12662
412, 911.3126866210858, 12662
227, 297.37210236098275, 7026
132, 198.8875361441643, 4066
431, 1631.8815717076955, 13170
431, 1631.8815717076955, 13170
536, 1118.5005975640859, 16430
556, 1359.7712821596635, 17070
348, 696.3937199483041, 10682
97, 136.60542826032633, 2982
615, 1647.9626685674987, 18942
615, 1647.9626685674987, 18942
483, 995.7333643588673, 14820
351, 1002.7389978249755, 10770
315, 571.3034467402626, 9730
443, 946.1700865983314, 13546
357, 969.7569168479688, 10906
1, 1.1560279583355775, 30
403, 918.8712637774604, 12428
206, 411.25875058690104, 6334
183, 360.2035211539705, 5638
239, 382.31768312898674, 7344
239, 382.31768312898674, 7344
471, 1208.8261499419948, 14410
1, 0.28462314733615146, 32
261, 620.2875996705162, 8018
1, 0.2847058728035534, 32
307, 452.99810359793105, 9466
75, 57.124284497825215, 2340
102, 129.68716005565284, 3160
102, 129.68716005565284, 3160
259, 371.3138015293907, 8010
102, 129.68716005565284, 3160
446, 1453.5605509226007, 13666
319, 724.5044231575401, 9794
538, 1864.9145356382717, 16478
665, 1837.8315577111175, 20432
252, 657.3359631214126, 7780
223, 441.9548558929917, 6870
534, 1689.419460373217, 16332
534, 1689.419460373217, 16332
652, 2350.1064653139747, 19938
61, 55.3005855565293, 1884
98, 95.61552634231954, 3034
68, 57.14693313475279, 2114
84, 78.15965705708808, 2620
116, 113.79482845629724, 3600
128, 155.0872314290813, 3968
65, 62.38786353977683, 2026
113, 108.1319999018242, 3508
61, 42.27471622551551, 1910
145, 153.27691341226114, 4482
199, 285.1222578561971, 6158
30, 19.22565435916092, 936
144, 161.57415377691916, 4444
381, 766.9685635042154, 11698
381, 766.9685635042154, 11698
432, 791.886773239478, 13262
165, 293.66258922298164, 5056
105, 116.17781840439777, 3246
193, 278.9098138886593, 5956
53, 48.26427304771463, 1658
90, 107.88893649269181, 2776
193, 339.3574290047394, 5924
55, 53.2691333649369, 1706
71, 54.407829474049294, 2214
56, 36.72577932774005, 1750
88, 78.05599749478512, 2734
52, 32.59188037607149, 1626
668, 1814.5232639104902, 20502
668, 1814.5232639104902, 20502
511, 1303.082724944644, 15634
511, 1303.082724944644, 15634
48, 42.521545341900875, 1486
110, 126.7372273878586, 3404
105, 122.91407560843447, 3238
109, 101.06781499156256, 3392
68, 49.26884208492744, 2122
55, 45.881432018789724, 1718
70, 90.93324402132934, 2168
90, 87.28776888950244, 2794
84, 66.5759713733987, 2616
108, 107.1098954871818, 3354
164, 168.76935301865058, 5086
65, 67.0688012957009, 2006
90, 72.48773937970616, 2798
64, 65.01677233845425, 1996
2, 0.538690431133385, 64
79, 67.32513407596167, 2456
79, 67.32513407596167, 2456
72, 80.47670304289875, 2242
104, 102.69985425809956, 3226
89, 77.88993015083699, 2768
100, 107.03947026745432, 3096
109, 140.48469910297763, 3368
89, 100.23209912769262, 2750
254, 459.6285007466741, 7820
95, 120.93040639607734, 2918
65, 46.552353985145665, 2032
43, 27.5940883879149, 1348
83, 68.93640377260373, 2576
205, 306.8049693359349, 6298
177, 412.3032660772818, 5414
103, 137.66237386794094, 3180
367, 660.0023682729507, 11286
122, 155.35127868751448, 3784
180, 348.25477330573136, 5520
53, 44.6249151815575, 1662
103, 127.07110724510545, 3204
85, 106.69850067380881, 2606
190, 241.3950656565934, 5850
264, 538.8456637497679, 8100
116, 88.42109486641633, 3616
292, 610.6931099848628, 8986
18, 8.770763907431203, 566
165, 231.098721338048, 5086
165, 231.098721338048, 5086
113, 166.07643047357038, 3472
174, 333.1991224976917, 5360
145, 207.67360116223352, 4474
384, 547.6391727143722, 11848
26, 19.097004029519738, 812
87, 71.97876751939597, 2710
97, 103.67730651930778, 3002
176, 304.05763507128563, 5406
285, 450.60795998494797, 8758
114, 130.10279566322387, 3524
387, 1033.9658110629568, 11810
88, 126.25556588515578, 2730
80, 90.77281858598718, 2476
127, 168.76584967080936, 3902
107, 160.53817178469626, 3300
329, 665.500910857403, 10088
382, 537.7210460594086, 11810
99, 141.81505671617646, 3050
400, 800.3232188663097, 12292
39, 30.798640615187182, 1218
55, 60.22616930837639, 1700
69, 71.32415996783716, 2154
140, 281.53311918017647, 4296
209, 323.24489714102594, 6446
209, 323.24489714102594, 6446
667, 1309.4553125930108, 20512
1, 0.2811532855300102, 32
174, 261.0549963141497, 5380
504, 1139.289872971471, 15460
464, 1272.155572642453, 14224
415, 1533.3198728922937, 12748
435, 1120.1096799766497, 13282
214, 389.72946416557005, 6580
132, 139.48733289077717, 4086
206, 266.76678088103193, 6366
29, 21.970653353740953, 904
132, 119.25179786268045, 4102
79, 58.97184582351433, 2462
83, 90.93375594256871, 2560
58, 64.7364556277789, 1792
138, 137.47153014109384, 4264
121, 124.69989360197513, 3748
129, 179.51050677089447, 3956
91, 125.76746321797559, 2808
49, 48.03973935066263, 1528
259, 505.060069016726, 7974
120, 142.94614273717383, 3708
156, 179.0145746583734, 4836
46, 46.94546945947746, 1434
161, 237.0325898984963, 4956
148, 186.64265768437164, 4566
43, 17.39073973431428, 1360
166, 251.024478808349, 5108
14, 4.412424228105285, 446
7, 2.5870426083198526, 222
28, 17.353707301797886, 882
86, 84.95801585126345, 2664
1, 0.2594150769069909, 32
140, 200.00740916418874, 4314
312, 687.3253489828033, 9610
206, 399.0451927322431, 6344
204, 353.7856319656155, 6278
119, 124.68434472914797, 3704
53, 43.31638550723682, 1652
229, 315.14567434867035, 7024
154, 221.0449169480293, 4740
320, 581.8904853329074, 9820
186, 272.572650052259, 5730
101, 148.73902340814115, 3110
217, 335.94180595131354, 6682
117, 112.67781229353047, 3616
238, 314.12047008062655, 7364
127, 211.72975363648624, 3912
234, 260.4957908513236, 7222
444, 884.635159834057, 13646
68, 62.61466542006529, 2112
39, 25.59125158060418, 1220
105, 118.4448173893528, 3244
369, 710.4328120223201, 11326
22, 9.693176503528536, 694
415, 617.4947017499882, 12786
73, 43.03013205930461, 2288
5, 2.112534903342711, 158
61, 74.14162244869779, 1890
449, 802.3735067751536, 13858
334, 586.5947434790885, 10286
182, 274.345586521314, 5636
33, 20.858621045651482, 1032
306, 473.1897672690126, 9398
140, 141.2011103230633, 4334
149, 146.4604207968403, 4608
56, 58.0223940533646, 1726
143, 162.55868651197002, 4414
163, 215.32246723541326, 5042
303, 650.1177418546637, 9288
296, 666.3430014968524, 9074
117, 137.78620329577967, 3618
315, 531.689575882014, 9698
71, 65.71366658262325, 2216
410, 1137.9825738000259, 12598
266, 473.53503833724693, 8160
209, 406.9114388445185, 6466
239, 471.81303137603004, 7308
133, 141.86630952552082, 4132
46, 28.617851931363834, 1444
46, 35.008965785230814, 1440
100, 101.86969680131253, 3110
30, 28.182150148533132, 928
59, 69.26277223250628, 1822
74, 87.87155472293304, 2302
220, 426.28827125045774, 6784
145, 221.19814036368197, 4468
146, 192.89361448293295, 4506
139, 129.87521511363784, 4322
199, 320.6510279285284, 6118
167, 252.09065659438576, 5158
126, 144.50479481543232, 3906
163, 263.6628858648002, 5020
217, 527.300545527997, 6650
254, 384.54069413249255, 7840
290, 375.070331666273, 8958
500, 942.4361501302155, 15308
168, 260.9779952884888, 5184
96, 115.90361722626014, 2954
259, 666.2931375805105, 7950
389, 849.7412498978782, 11962
74, 72.40296433825209, 2308
91, 91.30267139080448, 2822
85, 97.40351687727735, 2646
214, 369.38861225757597, 6574
214, 369.38861225757597, 6574
98, 69.7429359754687, 3050
107, 101.64027871812462, 3312
52, 24.893528446467986, 1636
117, 161.03304328996308, 3624
204, 420.9436447292327, 6308
40, 21.7245138215858, 1258
90, 87.16269807667213, 2806
448, 1139.5343065044278, 13736
25, 12.98248245109613, 784
39, 33.46719766397949, 1214
246, 313.89273810038475, 7612
98, 76.5499226464185, 3064
92, 80.07172309187864, 2864
352, 657.4634093317786, 10878
127, 180.3706682794711, 3934
233, 228.38093368435582, 7224
121, 142.16030539744912, 3738
386, 428.0551918661638, 11924
70, 58.08786782088521, 2176
31, 14.472035163853217, 976
227, 329.36454722728473, 7002
10, 4.985916852355712, 314
221, 355.31930651440666, 6798
276, 575.7841671556852, 8522
182, 336.4217696623739, 5610
89, 83.66959835040434, 2762
265, 250.664599553769, 8240
319, 591.6363566181569, 9822
191, 214.33571543362504, 5914
473, 673.9862934159931, 14592
473, 673.9862934159931, 14592
41, 26.738778030385618, 1284
31, 22.558556492228412, 968
37, 20.130601736149202, 1158
32, 18.070312824507713, 1006
119, 107.80938107703169, 3694
129, 129.2659638580242, 4016
78, 91.88034428343863, 2420
30, 23.8254157044756, 932
54, 36.5683897753784, 1684
49, 43.2650668337309, 1522
17, 10.85841862024944, 534
66, 49.34628134210056, 2080
149, 194.82599751820524, 4582
52, 35.8804110964673, 1622
135, 121.72625858258759, 4210
113, 129.78452275148314, 3500
137, 148.8166870834178, 4262
296, 508.79962420699894, 9116
168, 280.91112139379777, 5178
40, 25.410492400615514, 1246
16, 10.188191893093512, 502
34, 17.1008324872268, 1066
45, 45.93955924619457, 1392
485, 946.8325918871222, 14900
86, 90.65263297580086, 2672
51, 41.98100300324898, 1580
302, 365.84494879993025, 9338
142, 167.77236866634252, 4378
357, 551.2359747446488, 10986
27, 12.879511882119674, 848
58, 44.088472452981286, 1808
350, 648.6635779216937, 10760
123, 178.15213604738642, 3794
6, 3.0542511814768205, 188
136, 133.87479812296857, 4218
92, 93.46886799911132, 2856
261, 296.66067582381896, 8076
18, 7.785799391604089, 568
118, 124.3586109211669, 3656
188, 289.3964927600188, 5766
19, 9.578778380843787, 596
154, 208.33054271002794, 4764
154, 201.92569023099026, 4764
5, 2.8332118692732484, 156
6, 2.3183841437602446, 190
304, 493.683880724413, 9352
304, 493.683880724413, 9352
236, 367.7108187860623, 7258
244, 408.6002177697474, 7502
326, 464.67071307250706, 10032
128, 156.80608379390992, 3960
239, 399.06147924278036, 7388
53, 56.05127914364534, 1636
37, 19.840998280890595, 1164
70, 67.63451849196619, 2162
117, 117.61071583157133, 3636
44, 39.61915924010596, 1372
4, 1.023147827181983, 128
428, 950.9128792082323, 13152
190, 222.58779705134816, 5858
232, 311.49473101840323, 7184
26, 19.620253837461927, 810
469, 670.7539518505727, 14422
589, 945.5376791523832, 18202
47, 36.937367702315015, 1462
79, 68.62995434249318, 2448
64, 56.40790172816288, 1996
142, 190.33887734947163, 4394
203, 239.72770428037364, 6292
2, 1.2852569500440496, 62
134, 206.87058128856498, 4142
43, 28.28319311875445, 1338
260, 299.48840539052173, 8064
260, 299.48840539052173, 8064
78, 69.45344411704902, 2418
107, 140.45955786325743, 3310
38, 24.295952991630752, 1190
241, 332.6747453031827, 7414
34, 19.01128995298226, 1062
94, 85.86815427074187, 2912
23, 9.904769017295948, 726
6, 1.5553173575417696, 192
25, 12.698040205107784, 790
33, 21.08662991440144, 1030
130, 132.29084151027317, 4036
130, 132.29084151027317, 4036
111, 72.21526356680506, 3466
76, 65.10076740970614, 2358
317, 381.25533584404855, 9810
38, 38.96986397179146, 1172
58, 47.18232901354165, 1804
28, 14.354627254676263, 878
72, 44.635366964253976, 2256
37, 21.423857495639215, 1160
345, 454.98669980500216, 10710
102, 116.29940947218576, 3150
126, 96.0039400185171, 3926
126, 96.0039400185171, 3926
250, 379.70302734394613, 7704
63, 59.66504200054423, 1964
86, 65.72131051318475, 2676
79, 53.77853733845353, 2466
81, 79.68978476540838, 2518
29, 12.914823654292402, 914
16, 6.445462069124443, 506
91, 80.63324804962015, 2824
49, 36.78510284893239, 1518
37, 23.478286754971545, 1160
10, 3.2166119707205256, 318
67, 59.17066319616446, 2078
219, 262.5128692191901, 6776
219, 262.5128692191901, 6776
39, 27.927069909673158, 1220
729, 1030.6673381133762, 22498
23, 19.946793160310115, 712
140, 153.18951104594058, 4350
86, 81.11308501650494, 2670
79, 82.2074421804268, 2426
65, 59.142124750401415, 2012
156, 163.97127512366023, 4826
184, 284.6893352664106, 5682
198, 158.85234011497442, 6162
244, 418.5625587454327, 7520
51, 30.381069144104348, 1594
120, 91.60338763294884, 3738
112, 127.1174409246541, 3458
202, 416.8222559824417, 6218
165, 116.94795922746118, 5138
4, 0.9788835619284512, 128
177, 208.56522517189904, 5472
177, 208.56522517189904, 5472
6, 1.474237571427089, 192
61, 47.42242074304827, 1900
150, 207.99264794968374, 4626
332, 574.0726948784368, 10198
478, 663.5855674593148, 14714
28, 15.100486906175357, 876
119, 109.17539991765896, 3696
154, 158.10688940605496, 4782
99, 126.741105827735, 3054
99, 126.741105827735, 3054
99, 126.741105827735, 3054
8, 2.0459746776531236, 256
454, 762.6546474361879, 13978
121, 98.01503978270689, 3758
121, 98.01503978270689, 3758
18, 9.228818274503947, 564
201, 273.44266160237396, 6188
201, 273.44266160237396, 6188
27, 14.032633445238062, 852
62, 34.92977361359848, 1942
28, 16.656031961721794, 878
34, 19.718878694225275, 1060
66, 46.01616902999169, 2056
52, 26.67335267254098, 1636
212, 295.0945540905365, 6554
201, 321.2905689318909, 6178
417, 1156.16469837624, 12804
248, 491.74594932703303, 7650
193, 331.98959577630797, 5952
103, 135.99503936447908, 3182
130, 121.6658961313619, 4044
52, 37.86511152994434, 1626
28, 13.557085923619645, 880
38, 29.607185226810557, 1190
78, 47.851544795164976, 2444
19, 12.78230001907066, 588
5, 1.2969781012801203, 160
228, 440.4354357114397, 7002
194, 389.3196799801553, 5984
470, 1270.644871358586, 14402
339, 705.0468294386166, 10406
278, 679.0344730199122, 8510
123, 146.9362513373834, 3810
247, 473.7215605906094, 7586
37, 24.441126301744998, 1152
248, 342.17106717692246, 7636
238, 347.6967349925678, 7360
55, 33.43691032332797, 1722
90, 118.85775249840906, 2782
85, 58.86742273171727, 2654
204, 213.2232158425997, 6310
304, 599.1464426730346, 9294
28, 16.387685159868692, 878
176, 227.68143075974655, 5438
101, 136.9886270602118, 3136
216, 225.8933795204132, 6686
285, 278.5642625009452, 8844
21, 17.088858307205534, 654
380, 928.6865803617683, 11686
541, 1192.74139933661, 16634
207, 194.66102227194327, 6402
255, 519.4677953335954, 7826
198, 434.597041607039, 6082
54, 43.52193202524601, 1684
265, 356.3027354462819, 8224
571, 1022.4013642433263, 17538
571, 1022.4013642433263, 17538
571, 1022.4013642433263, 17538
70, 59.78292244153095, 2186
165, 225.99762784803656, 5094
303, 540.0183674338028, 9342
301, 358.29454368257643, 9306
79, 93.57278544850143, 2448
24, 15.563493585816007, 744
31, 12.926661247540501, 978
286, 473.96089252443664, 8798
286, 473.96089252443664, 8798
317, 355.35284657250537, 9806
7, 2.5101119405593115, 222
112, 105.41296053711503, 3474
20, 8.000189923968108, 632
45, 29.73405039840283, 1408
49, 26.66645173588639, 1534
358, 898.5807671301193, 10992
21, 12.540212720224154, 658
7, 3.412895183670641, 220
31, 18.072995004182232, 976
14, 6.0425437749037965, 442
55, 36.50741145558817, 1716
38, 21.270401704668412, 1196
34, 18.804562827901186, 1066
30, 14.17740594994298, 944
39, 29.920295002828247, 1216
19, 7.35688365100957, 602
17, 7.578785564071893, 536
73, 63.096501992386585, 2264
482, 1306.0590691591415, 14774
126, 89.43018376254805, 3934
107, 95.19013274139341, 3338
35, 24.97763034228504, 1092
62, 61.10676951780518, 1912
214, 307.0267573445502, 6612
370, 556.6360754694331, 11378
175, 200.70427327482298, 5434
126, 162.40613294522052, 3878
199, 267.158297930482, 6144
267, 546.6658851724418, 8188
81, 66.64549741214833, 2520
419, 1044.0604267790052, 12808
419, 1044.0604267790052, 12808
26, 22.024198719413036, 812
456, 883.3290074481715, 13992
332, 634.3220622935728, 10242
44, 30.95948418589278, 1376
496, 1121.3006196330273, 15184
305, 663.5681535017928, 9374
305, 663.5681535017928, 9374
566, 1240.5276940281499, 17352
61, 69.73138025532081, 1896
485, 1248.8612162678714, 14816
153, 154.68037796514923, 4756
366, 1020.8391333367196, 11216
531, 796.0636434907585, 16468
38, 28.58559235253941, 1188
422, 898.5542535676672, 13004
176, 175.04045831102104, 5462
71, 60.547173227619815, 2204
50, 59.22657634734581, 1540
291, 427.4270957920006, 8996
112, 102.32444752532287, 3476
32, 13.344148401856344, 1012
65, 66.7556750612145, 2016
409, 656.0784184454424, 12582
526, 967.7263194275052, 16212
152, 241.85548569304152, 4710
188, 191.58773473630316, 5840
83, 96.42833485779077, 2578
100, 97.8101160101441, 3104
40, 30.558702356592843, 1242
462, 813.7343659941652, 14200
38, 30.414544497241938, 1182
420, 959.4633977708997, 12882
463, 1208.6742470040144, 14220
398, 1094.6663062966247, 12228
208, 314.3769504982564, 6394
250, 380.4068071929182, 7702
551, 928.2291346649924, 16990
77, 78.6714325304789, 2388
89, 101.80795550708608, 2742
449, 767.8453588645112, 13850
147, 120.87051781817603, 4582
428, 1361.3669274026956, 13074
241, 275.99534134478336, 7426
155, 161.83969781707077, 4814
6, 1.5187282253037775, 192
448, 851.3424832705412, 13744
45, 30.111061905912447, 1408
131, 145.5354499358716, 4072
502, 909.7096420324115, 15472
271, 557.1685409325422, 8334
249, 536.3697488361778, 7636
310, 565.2765450138999, 9576
220, 238.8495997922135, 6824
363, 710.2890863246843, 11174
38, 19.386048207988424, 1192
1, 0.2621104288077885, 32
608, 1025.0433088453156, 18734
103, 90.70092525439453, 3208
114, 124.53495255001869, 3530
36, 37.35580297480838, 1114
359, 995.7440727839949, 11024
374, 1137.0794194569237, 11470
64, 77.58614998243323, 1980
573, 944.1845367218002, 17726
149, 176.5436957955895, 4596
322, 498.86846733060094, 9932
636, 966.1102106188932, 19628
62, 73.46414675963996, 1916
441, 1107.8987975212956, 13504
441, 1107.8987975212956, 13504
2, 0.5551028423838725, 64
161, 267.39646052860724, 4966
290, 573.7453356989658, 8912
1, 1.107449549173312, 30
404, 937.3755412038686, 12426
404, 937.3755412038686, 12426
404, 937.3755412038686, 12426
404, 937.3755412038686, 12426
404, 937.3755412038686, 12426
42, 25.186940702288307, 1320
4, 1.1059964231431945, 128
25, 10.985422544550262, 790
32, 21.12793553996981, 1000
70, 58.205970107673274, 2182
34, 27.499351730791357, 1062
78, 76.3280695924728, 2424
53, 45.136723093315176, 1652
90, 80.27213107439141, 2794
62, 52.643938656101575, 1934
55, 52.57594575182487, 1706
420, 1018.92758318221, 12926
420, 1018.92758318221, 12926
420, 1018.92758318221, 12926
92, 90.36091416615454, 2854
56, 57.97834528739076, 1732
47, 36.405229433310346, 1460
51, 33.41793482489473, 1598
41, 24.818625839027426, 1286
70, 76.7207366981753, 2174
71, 66.82377473174547, 2204
720, 1964.729614169005, 22122
720, 1964.729614169005, 22122
36, 21.28099072134223, 1128
333, 780.316302300513, 10230
295, 660.7802298853978, 9082
249, 450.16077469220795, 7676
250, 356.1525184549733, 7730
92, 106.84690133929236, 2866
94, 84.69980831436159, 2920
41, 18.2464212366866, 1294
585, 1383.3879959367569, 18034
585, 1383.3879959367569, 18034
291, 684.4257495561984, 8934
700, 1145.4911639244997, 21564
700, 1145.4911639244997, 21564
700, 1145.4911639244997, 21564
103, 73.7355286184316, 3226
125, 101.34731640783083, 3888
48, 41.70431082089164, 1502
52, 46.31038564009624, 1616
29, 21.79365331776609, 904
399, 1449.9783671135485, 12214
567, 1645.073063529979, 17464
348, 1070.0660996365316, 10660
41, 28.918328832094122, 1278
34, 27.88421406287603, 1052
209, 320.6569855182986, 6442
209, 320.6569855182986, 6442
187, 191.85489472452707, 5806
308, 652.5097838044921, 9476
444, 745.1240379820313, 13626
47, 22.566653107558903, 1478
285, 283.84418471512055, 8832
38, 31.39843961636195, 1180
89, 56.635291558501706, 2788
171, 177.53705186979045, 5306
260, 421.2022792741353, 8018
208, 242.32534071105167, 6404
150, 175.833525563359, 4626
114, 99.89725032048263, 3542
107, 90.07328642410296, 3326
47, 56.472772275208875, 1456
100, 86.33023635806302, 3106
45, 34.63222278422536, 1400
72, 63.568565993130036, 2232
692, 925.1294903622043, 21352
64, 53.83655015103032, 1990
48, 28.954118872401324, 1500
45, 36.97114695642958, 1394
52, 34.48515089605217, 1622
61, 40.33577805899589, 1902
363, 749.463895170235, 11172
28, 18.13946021127974, 874
40, 26.7620953037169, 1256
55, 34.16132502717064, 1728
75, 52.49703246792158, 2346
67, 51.08439032481261, 2088
72, 52.43832253114049, 2242
582, 1549.1356666774398, 17876
582, 1549.1356666774398, 17876
44, 35.633532217625046, 1366
35, 20.253739567896577, 1098
72, 58.104201694245724, 2242
282, 562.1060506381077, 8682
52, 36.897888066802516, 1624
38, 24.39563948030655, 1192
344, 852.0698899297159, 10600
421, 1011.2369123030172, 12892
421, 892.4228570773165, 12924
26, 18.25660949865477, 814
79, 61.72691641395467, 2456
66, 46.82326950683562, 2064
171, 185.2607003013934, 5280
2, 0.5397006469964186, 64
194, 272.2273518212217, 6020
1, 0.270836103424378, 32
200, 275.4111127524492, 6154
200, 275.4111127524492, 6154
206, 273.0746144997135, 6354
79, 80.0225443869223, 2448
76, 75.44086902218574, 2344
171, 200.9840036576083, 5290
171, 200.9840036576083, 5290
85, 68.78241210601236, 2654
74, 66.11782137504451, 2296
74, 52.997245249775546, 2310
39, 34.93933500876986, 1206
11, 6.208587904724471, 344
25, 13.294142518340262, 784
63, 77.00794051931855, 1958
223, 399.54938720291744, 6866
223, 399.54938720291744, 6866
397, 846.2741644490415, 12206
456, 1123.6306746227813, 14024
1, 0.27124014305659505, 32
389, 915.9793090115442, 11896
438, 1001.22826554733, 13474
55, 54.600736819954456, 1708
558, 1134.6628092750123, 17204
558, 1134.6628092750123, 17204
558, 1134.6628092750123, 17204
68, 55.12922671355757, 2120
42, 34.42859808781829, 1304
55, 51.08592472410802, 1704
491, 655.7598667405829, 15128
41, 29.271052445685545, 1284
63, 51.708833287350075, 1964
42, 28.09753626111138, 1314
49, 34.76542945313459, 1532
47, 50.846912011817274, 1450
482, 1321.4555074788361, 14834
482, 1321.4555074788361, 14834
63, 46.17025242317, 1966
110, 105.02385841838795, 3420
54, 40.74031934188681, 1686
479, 1411.05199526857, 14698
417, 1383.8541654609724, 12764
375, 621.6190167775393, 11558
333, 737.114650971713, 10212
681, 961.2039615678906, 21038
69, 71.31334169028345, 2148
58, 47.57586764174114, 1804
485, 591.9090147010963, 14976
52, 36.65969122327782, 1622
63, 47.34863776011414, 1968
346, 504.09726826859577, 10674
52, 46.635437415317924, 1614
28, 21.34484464590472, 874
65, 50.80635688840414, 2028
110, 114.44020765666767, 3420
544, 1419.117720175489, 16724
544, 1419.117720175489, 16724
392, 938.25927272599, 12038
447, 1348.8662789601183, 13754
3, 1.6383645658441512, 94
68, 73.0742053735251, 2116
302, 565.359273035121, 9272
302, 565.359273035121, 9272
302, 565.359273035121, 9272
206, 248.7406606948797, 6364
32, 24.840047317404018, 996
19, 11.673275428158952, 592
104, 101.77644860820186, 3244
99, 100.76722261220367, 3082
52, 37.91379225661184, 1618
245, 302.25288161688746, 7566
372, 1032.318750575716, 11390
102, 87.26066548884351, 3178
591, 1759.265253083065, 18080
591, 1759.265253083065, 18080
479, 880.6402871907551, 14756
105, 119.18224821083227, 3246
519, 1162.169630211267, 15884
396, 952.6891399137203, 12082
672, 1504.7276756279016, 20652
60, 85.17402448693556, 1846
45, 39.223974870855635, 1400
377, 622.9197298471203, 11614
2, 0.554646747987506, 64
177, 301.54842432772955, 5432
18, 7.567420149265334, 570
63, 46.35121140342512, 1972
269, 380.84650954063494, 8346
261, 557.3828686608576, 8006
277, 658.3156356898623, 8486
152, 273.1564164876633, 4676
291, 608.2750780463592, 8942
291, 608.2750780463592, 8942
