5, 23868.123162865602, 90
1, 19235.00405092841, 16
4, 19425.899026904393, 72
2, 23763.07291388409, 34
1, 4625.546892325907, 18
6, 28227.132718575827, 108
5, 23029.106576969298, 90
4, 18574.09545093587, 72
4, 18730.296011395054, 72
1, 4884.190848121528, 18
1, 4884.190848121528, 18
3, 14698.38201526771, 54
7, 33895.28091198314, 126
6, 29419.95497041949, 108
1, 4886.05412822662, 18
4, 34581.11942912792, 70
1, 20312.742469011228, 16
1, 5099.3607886739655, 18
1, 5099.3607886739655, 18
1, 5141.424739121335, 18
1, 5099.3607886739655, 18
1, 4251.857528319385, 18
1, 5056.852086894371, 18
1, 5099.3607886739655, 18
1, 5099.3607886739655, 18
1, 5099.3607886739655, 18
1, 5099.3607886739655, 18
1, 5099.3607886739655, 18
1, 5099.3607886739655, 18
1, 5099.3607886739655, 18
1, 5099.3607886739655, 18
1, 5099.3607886739655, 18
5, 24415.193652664973, 90
1, 4792.705582417692, 18
6, 28668.880334860947, 108
1, 5099.3607886739655, 18
1, 5099.3607886739655, 18
1, 5099.3607886739655, 18
7, 34929.16439456303, 126
1, 5099.3607886739655, 18
1, 4743.122485000627, 18
3, 14412.54767824233, 54
1, 4876.719610824009, 18
1, 5099.3607886739655, 18
1, 5099.3607886739655, 18
2, 10154.332174084457, 36
1, 5054.97138541049, 18
1, 4856.0388834263495, 18
1, 5099.3607886739655, 18
1, 5099.3607886739655, 18
1, 5099.3607886739655, 18
1, 5099.3607886739655, 18
1, 5099.3607886739655, 18
1, 5099.3607886739655, 18
1, 5054.97138541049, 18
1, 5099.3607886739655, 18
1, 5054.97138541049, 18
1, 5054.97138541049, 18
1, 5054.97138541049, 18
5, 25065.491177554588, 90
1, 4774.433338352726, 18
1, 5008.349016181327, 18
1, 4924.947516409219, 18
6, 29402.689859518247, 108
2, 9967.937356995279, 36
2, 24427.64917904188, 34
2, 9569.639087349347, 36
1, 4856.0388834263495, 18
2, 9630.472221779075, 36
1, 4856.0388834263495, 18
1, 4856.0388834263495, 18
1, 4856.0388834263495, 18
1, 4856.0388834263495, 18
1, 4774.433338352726, 18
1, 4856.0388834263495, 18
1, 4583.843119857586, 18
1, 4774.433338352726, 18
1, 4856.0388834263495, 18
1, 4856.0388834263495, 18
7, 33778.322243999, 126
7, 33778.322243999, 126
1, 4856.0388834263495, 18
1, 4743.122485000627, 18
1, 4638.598420040634, 18
1, 4583.843119857586, 18
2, 9222.44153989822, 36
1, 18494.120260573152, 16
1, 4638.598420040634, 18
2, 9330.320953909762, 36
1, 4054.5786543607205, 18
1, 4638.598420040634, 18
1, 4638.598420040634, 18
1, 4774.433338352726, 18
1, 4774.433338352726, 18
1, 4720.565420358472, 18
5, 37803.08491880223, 88
3, 14093.624536930236, 54
4, 33440.46128809949, 70
2, 9329.671070854592, 36
6, 27985.391026145964, 108
5, 22986.146224160828, 90
2, 22742.758111451676, 34
5, 22675.540651392665, 90
5, 22675.540651392665, 90
5, 22189.169024188857, 90
6, 26827.256208001345, 108
4, 18407.392255115672, 72
5, 23644.099963294717, 90
5, 38261.75162322091, 88
5, 38261.75162322091, 88
2, 8691.144122638398, 36
4, 17278.631033370417, 72
4, 17483.073172627348, 72
1, 4720.565420358472, 18
2, 8826.568427783204, 36
3, 13298.661741945536, 54
4, 17614.598950509524, 72
2, 8723.516393486498, 36
3, 26986.140078810167, 52
1, 4303.257111564534, 18
6, 27392.0104950046, 108
3, 13095.186161553485, 54
2, 8555.11463988392, 36
1, 4303.257111564534, 18
1, 4054.5786543607205, 18
3, 12296.40805007431, 54
3, 12296.40805007431, 54
2, 8555.11463988392, 36
1, 4303.257111564534, 18
3, 12773.470028592155, 54
1, 17142.39118594745, 16
4, 16800.892326347923, 72
4, 16993.132474841826, 72
5, 21556.154218410644, 90
4, 17681.60531246532, 72
2, 8791.929049988952, 36
5, 22411.83523014325, 90
2, 8676.773068770915, 36
1, 17527.19729087535, 16
5, 21808.634675451933, 90
3, 12950.939996862035, 54
1, 4274.166928091121, 18
3, 13078.520885005635, 54
5, 20781.510929633565, 90
5, 21361.269091515784, 90
4, 17179.590447664064, 72
2, 8592.31945727384, 36
2, 8592.31945727384, 36
1, 4230.140330741464, 18
3, 12735.110973841694, 54
3, 12735.110973841694, 54
5, 20930.705894244104, 90
3, 12862.590561428757, 54
4, 30047.866203950474, 70
1, 4230.140330741464, 18
2, 8460.985042008631, 36
1, 4186.81811391751, 18
1, 16831.65941583301, 16
4, 16483.95998702848, 72
1, 4054.5786543607205, 18
2, 20191.59827924787, 34
2, 8611.55460045072, 36
2, 8611.55460045072, 36
1, 4261.001024195837, 18
2, 8611.55460045072, 36
3, 25452.46653068985, 52
3, 25452.46653068985, 52
6, 25799.619088066513, 108
6, 26374.76181871773, 108
4, 30449.612818367412, 70
7, 30102.73104205615, 126
4, 16635.700491390588, 72
4, 16635.700491390588, 72
2, 20747.257261815248, 34
5, 21139.77978489961, 90
4, 17701.20004800143, 72
5, 22013.27948152817, 90
4, 17861.470129483634, 72
6, 26766.229925991935, 108
2, 22239.432039700274, 34
1, 18218.35575142928, 16
4, 18056.158864586847, 72
4, 30926.878360561266, 70
3, 13610.675020825636, 54
4, 32287.766641934515, 70
4, 32287.766641934515, 70
1, 4746.25460334665, 18
1, 4746.25460334665, 18
1, 4746.25460334665, 18
1, 4746.25460334665, 18
1, 4746.25460334665, 18
1, 4746.25460334665, 18
1, 4746.25460334665, 18
1, 4746.25460334665, 18
1, 4746.25460334665, 18
2, 9581.26790014388, 36
4, 19085.760927899824, 72
2, 9528.616838312426, 36
2, 9581.26790014388, 36
1, 19235.00405092841, 16
2, 9653.73615078452, 36
2, 9653.73615078452, 36
2, 9706.387212615971, 36
2, 9758.063570938635, 36
3, 14629.437486757377, 54
3, 14554.525111085652, 54
2, 9423.566589330861, 36
1, 4667.769369746657, 18
2, 9423.566589330861, 36
2, 9504.493027755945, 36
3, 14250.747631102597, 54
1, 4746.25460334665, 18
1, 4746.25460334665, 18
3, 14363.630135109655, 54
3, 14377.729440290897, 54
2, 9423.566589330861, 36
2, 9423.566589330861, 36
1, 4667.769369746657, 18
1, 4755.797219584204, 18
2, 9375.800857355584, 36
2, 9375.800857355584, 36
2, 9504.493027755945, 36
1, 18928.05961708686, 16
2, 9631.474836944246, 36
3, 14136.667830268481, 54
1, 4625.546892325907, 18
4, 18762.214722594388, 72
4, 18762.214722594388, 72
1, 4713.101240937623, 18
2, 9468.898460521827, 36
1, 4713.101240937623, 18
1, 4713.101240937623, 18
1, 4713.101240937623, 18
2, 9468.898460521827, 36
2, 9468.898460521827, 36
2, 9468.898460521827, 36
1, 4713.101240937623, 18
2, 9381.557696772037, 36
2, 9338.648133263529, 36
2, 9338.648133263529, 36
2, 9338.648133263529, 36
2, 9338.648133263529, 36
2, 9338.648133263529, 36
1, 4713.101240937623, 18
1, 4713.101240937623, 18
2, 9293.316262072563, 36
1, 4625.546892325907, 18
1, 4667.769369746657, 18
1, 4755.797219584204, 18
1, 4755.797219584204, 18
1, 4755.797219584204, 18
1, 4755.797219584204, 18
2, 9552.258759731221, 36
2, 9552.258759731221, 36
1, 4537.495721316446, 18
3, 13784.491918988466, 54
4, 18410.03881131437, 72
2, 9246.996197672017, 36
1, 4667.769369746657, 18
3, 13872.543089997924, 54
2, 9246.996197672017, 36
3, 13866.063963326942, 54
2, 9327.099253263854, 36
2, 9327.099253263854, 36
2, 9327.099253263854, 36
1, 4619.067765654926, 18
1, 4619.067765654926, 18
1, 4619.067765654926, 18
1, 4708.031487608927, 18
4, 18574.09545093587, 72
2, 9198.294593580287, 36
2, 9198.294593580287, 36
1, 4708.031487608927, 18
1, 4708.031487608927, 18
1, 4708.031487608927, 18
1, 4708.031487608927, 18
1, 4708.031487608927, 18
2, 9327.099253263854, 36
4, 18730.296011395054, 72
4, 18730.296011395054, 72
2, 9454.286090955577, 36
1, 5099.3607886739655, 18
2, 9327.099253263854, 36
2, 9454.286090955577, 36
2, 9454.286090955577, 36
2, 9454.286090955577, 36
1, 4884.190848121528, 18
1, 4884.190848121528, 18
1, 5099.3607886739655, 18
1, 5099.3607886739655, 18
4, 20140.543661145373, 72
1, 4884.190848121528, 18
1, 5141.424739121335, 18
1, 4884.190848121528, 18
1, 5099.3607886739655, 18
1, 20312.742469011228, 16
3, 15171.31772988986, 54
1, 5099.3607886739655, 18
1, 5099.3607886739655, 18
1, 4884.190848121528, 18
2, 9727.335157177624, 36
1, 5099.3607886739655, 18
2, 9727.335157177624, 36
2, 9727.335157177624, 36
2, 9727.335157177624, 36
3, 14656.974202794692, 54
4, 19458.8313041304, 72
2, 9598.941528640302, 36
4, 19279.593916908845, 72
1, 4923.050274141407, 18
1, 4923.050274141407, 18
4, 19788.480133475245, 72
1, 4884.190848121528, 18
1, 5099.3607886739655, 18
1, 5099.3607886739655, 18
1, 4884.190848121528, 18
1, 4884.190848121528, 18
1, 4884.190848121528, 18
1, 5099.3607886739655, 18
1, 4923.050274141407, 18
2, 9807.241122262934, 36
1, 4884.190848121528, 18
1, 4923.050274141407, 18
1, 4884.190848121528, 18
2, 9807.241122262934, 36
4, 19438.71595920718, 72
2, 9981.23901121231, 36
2, 10027.89894498446, 36
2, 9855.237706211616, 36
3, 14784.876751828682, 54
1, 19628.02106088471, 16
3, 14658.837482899786, 54
1, 4886.05412822662, 18
2, 9815.693173843687, 36
2, 10071.956941215893, 36
4, 20015.211321351944, 72
6, 29829.80360588906, 108
1, 4884.190848121528, 18
1, 4884.190848121528, 18
1, 4884.190848121528, 18
1, 4884.190848121528, 18
1, 4884.190848121528, 18
1, 4884.190848121528, 18
1, 4884.190848121528, 18
1, 4884.190848121528, 18
1, 5056.852086894371, 18
2, 10071.956941215893, 36
1, 5099.3607886739655, 18
1, 4884.190848121528, 18
2, 9855.237706211616, 36
1, 5099.3607886739655, 18
1, 4884.190848121528, 18
2, 9855.237706211616, 36
2, 9727.335157177624, 36
1, 4856.0388834263495, 18
1, 4884.190848121528, 18
1, 5099.3607886739655, 18
1, 5099.3607886739655, 18
1, 5099.3607886739655, 18
1, 5099.3607886739655, 18
1, 5099.3607886739655, 18
1, 5054.97138541049, 18
3, 15125.438806823848, 54
1, 4315.272327792955, 18
2, 8582.803380188081, 36
4, 16993.132474841826, 72
2, 8449.209696246844, 36
2, 8449.209696246844, 36
1, 5099.3607886739655, 18
1, 5099.3607886739655, 18
1, 5099.3607886739655, 18
1, 5099.3607886739655, 18
2, 10154.332174084457, 36
1, 4267.531052395127, 18
2, 8582.803380188081, 36
2, 8620.778685674737, 36
1, 4267.531052395127, 18
3, 13022.526501909459, 54
1, 5015.104854321522, 18
1, 4971.106632739393, 18
2, 10026.078018149881, 36
1, 4971.106632739393, 18
2, 9896.054149148613, 36
1, 5054.97138541049, 18
1, 5054.97138541049, 18
2, 10026.078018149881, 36
1, 4438.681416709341, 18
1, 4438.681416709341, 18
1, 5054.97138541049, 18
1, 5099.3607886739655, 18
1, 5099.3607886739655, 18
1, 5054.97138541049, 18
1, 5099.3607886739655, 18
1, 5099.3607886739655, 18
1, 5099.3607886739655, 18
1, 4792.705582417692, 18
1, 4792.705582417692, 18
1, 5099.3607886739655, 18
4, 19622.48807024728, 72
4, 19444.087019925584, 72
3, 14697.540553838064, 54
2, 9896.054149148613, 36
1, 4792.705582417692, 18
1, 4792.705582417692, 18
1, 4054.5786543607205, 18
2, 8241.82939571359, 36
2, 8241.82939571359, 36
1, 4142.238950002188, 18
2, 8241.82939571359, 36
1, 4099.590445711401, 18
1, 4792.705582417692, 18
2, 9669.425193241701, 36
1, 4792.705582417692, 18
1, 4792.705582417692, 18
1, 4792.705582417692, 18
1, 4792.705582417692, 18
1, 4792.705582417692, 18
2, 9535.828067418319, 36
2, 9633.085375289742, 36
1, 4792.705582417692, 18
1, 4792.705582417692, 18
1, 4792.705582417692, 18
2, 9633.085375289742, 36
2, 9633.085375289742, 36
2, 9633.085375289742, 36
2, 9633.085375289742, 36
1, 4792.705582417692, 18
1, 4792.705582417692, 18
1, 4908.7857416288725, 18
1, 4908.7857416288725, 18
1, 4908.7857416288725, 18
1, 4908.7857416288725, 18
1, 4908.7857416288725, 18
2, 9703.236213172728, 36
1, 4876.719610824009, 18
2, 9633.085375289742, 36
1, 4792.705582417692, 18
1, 4743.122485000627, 18
2, 9535.828067418319, 36
4, 19035.7949595712, 72
1, 4743.122485000627, 18
1, 4743.122485000627, 18
1, 4826.516602348719, 18
1, 4792.705582417692, 18
1, 4792.705582417692, 18
1, 4792.705582417692, 18
1, 4792.705582417692, 18
2, 9669.425193241701, 36
2, 9669.425193241701, 36
1, 4792.705582417692, 18
1, 4792.705582417692, 18
1, 4792.705582417692, 18
1, 4876.719610824009, 18
2, 9669.425193241701, 36
2, 9569.639087349347, 36
3, 14446.358698173355, 54
2, 9535.828067418319, 36
1, 4792.705582417692, 18
1, 4856.0388834263495, 18
1, 4792.705582417692, 18
1, 4876.719610824009, 18
2, 9669.425193241701, 36
2, 9801.667127233228, 36
2, 9801.667127233228, 36
2, 9801.667127233228, 36
2, 9967.937356995279, 36
1, 5008.349016181327, 18
4, 19769.604484228505, 72
1, 4876.719610824009, 18
1, 4876.719610824009, 18
4, 19434.75250252297, 72
2, 9801.667127233228, 36
2, 9801.667127233228, 36
1, 4924.947516409219, 18
3, 14662.824553986678, 54
3, 14662.824553986678, 54
1, 19571.61029561553, 16
2, 9836.30795163796, 36
2, 9735.302343977592, 36
2, 9735.302343977592, 36
2, 9735.302343977592, 36
1, 4826.516602348719, 18
2, 9703.236213172728, 36
2, 9703.236213172728, 36
1, 4876.719610824009, 18
2, 9703.236213172728, 36
2, 9735.302343977592, 36
1, 4826.516602348719, 18
1, 4826.516602348719, 18
1, 4908.7857416288725, 18
2, 9764.824625055222, 36
1, 4826.516602348719, 18
1, 4826.516602348719, 18
2, 9735.302343977592, 36
2, 9735.302343977592, 36
1, 4743.122485000627, 18
4, 19239.06428059105, 72
4, 19239.06428059105, 72
2, 9703.236213172728, 36
1, 4826.516602348719, 18
1, 4774.433338352726, 18
2, 9600.949940701446, 36
2, 9600.949940701446, 36
1, 4774.433338352726, 18
1, 4856.0388834263495, 18
1, 4856.0388834263495, 18
1, 4774.433338352726, 18
4, 19365.77456575667, 72
1, 4856.0388834263495, 18
1, 4856.0388834263495, 18
1, 4856.0388834263495, 18
2, 9630.472221779075, 36
1, 4856.0388834263495, 18
1, 4856.0388834263495, 18
1, 4638.598420040634, 18
1, 4856.0388834263495, 18
1, 4856.0388834263495, 18
1, 4608.081068940112, 18
2, 9299.80360280924, 36
1, 4691.722533869128, 18
2, 9299.80360280924, 36
1, 4691.722533869128, 18
1, 4691.722533869128, 18
2, 9330.320953909762, 36
2, 9330.320953909762, 36
1, 4638.598420040634, 18
1, 4638.598420040634, 18
1, 4583.843119857586, 18
1, 4638.598420040634, 18
2, 9222.44153989822, 36
1, 4638.598420040634, 18
1, 18494.120260573152, 16
1, 4638.598420040634, 18
1, 4583.843119857586, 18
1, 4638.598420040634, 18
1, 18494.120260573152, 16
1, 18494.120260573152, 16
1, 4774.433338352726, 18
1, 4555.718237723277, 18
1, 4691.722533869128, 18
1, 4774.433338352726, 18
3, 14292.672474570572, 54
2, 9163.799306663388, 36
2, 9401.90200306111, 36
2, 9266.860587000594, 36
1, 18902.331375291546, 16
1, 4621.9472810418365, 18
1, 4621.9472810418365, 18
2, 9195.606606959005, 36
2, 9195.606606959005, 36
2, 9195.606606959005, 36
2, 9195.606606959005, 36
1, 4573.659325917168, 18
1, 4573.659325917168, 18
1, 4573.659325917168, 18
1, 4573.659325917168, 18
4, 18364.198943118987, 72
2, 9232.438843977649, 36
1, 4573.659325917168, 18
2, 9195.606606959005, 36
1, 4621.9472810418365, 18
1, 4573.659325917168, 18
1, 4573.659325917168, 18
2, 9195.606606959005, 36
1, 4720.565420358472, 18
2, 9535.828067418319, 36
1, 4720.565420358472, 18
1, 4691.722533869128, 18
1, 4691.722533869128, 18
3, 14209.27835722248, 54
3, 14209.27835722248, 54
1, 4608.081068940112, 18
2, 9434.845018869755, 36
4, 18701.705605870346, 72
1, 4608.081068940112, 18
2, 9434.845018869755, 36
1, 4573.659325917168, 18
2, 9401.90200306111, 36
2, 9401.90200306111, 36
2, 9401.90200306111, 36
2, 9401.90200306111, 36
2, 9434.845018869755, 36
2, 9401.90200306111, 36
1, 4707.723789812756, 18
2, 9462.548445292063, 36
2, 9462.548445292063, 36
1, 19281.25239780856, 16
4, 19095.633820581807, 72
3, 14159.20889029093, 54
1, 4707.723789812756, 18
1, 4707.723789812756, 18
1, 4707.723789812756, 18
1, 4707.723789812756, 18
1, 4573.659325917168, 18
1, 18219.07908125045, 16
2, 9061.587772158819, 36
2, 9061.587772158819, 36
2, 9097.338356118395, 36
3, 13585.266802360045, 54
2, 9061.587772158819, 36
1, 4573.659325917168, 18
1, 4573.659325917168, 18
1, 4573.659325917168, 18
2, 9097.338356118395, 36
1, 4707.723789812756, 18
1, 4707.723789812756, 18
1, 4707.723789812756, 18
1, 4535.544028049773, 18
2, 9116.988518239421, 36
1, 4535.544028049773, 18
2, 9329.671070854592, 36
2, 8889.676262476369, 36
3, 13472.148880161181, 54
1, 4401.747816234719, 18
3, 13385.968250154248, 54
1, 4448.676405869756, 18
2, 9329.671070854592, 36
2, 9329.671070854592, 36
1, 4707.723789812756, 18
1, 4621.9472810418365, 18
1, 4621.9472810418365, 18
3, 13998.127526689012, 54
3, 13998.127526689012, 54
4, 18752.952182168316, 72
2, 9462.548445292063, 36
2, 9329.671070854592, 36
1, 4658.779518060482, 18
1, 4387.8870110738635, 18
1, 4387.8870110738635, 18
1, 4658.779518060482, 18
1, 4658.779518060482, 18
4, 18562.109914832243, 72
4, 18562.109914832243, 72
2, 9366.503307873238, 36
2, 9366.503307873238, 36
2, 8826.568427783204, 36
1, 4387.8870110738635, 18
2, 8826.568427783204, 36
2, 8826.568427783204, 36
4, 18562.109914832243, 72
1, 4573.659325917168, 18
2, 9097.338356118395, 36
1, 4573.659325917168, 18
1, 4535.544028049773, 18
1, 4535.544028049773, 18
2, 9157.49130909161, 36
1, 4535.544028049773, 18
1, 4535.544028049773, 18
1, 4535.544028049773, 18
3, 13645.419755333261, 54
1, 4487.92844624165, 18
3, 13472.148880161181, 54
3, 13472.148880161181, 54
2, 8984.22043391953, 36
2, 8850.424222104477, 36
4, 17873.896696395903, 72
2, 8850.424222104477, 36
1, 4487.92844624165, 18
3, 13385.968250154248, 54
2, 8850.424222104477, 36
2, 8850.424222104477, 36
1, 4401.747816234719, 18
2, 8850.424222104477, 36
1, 4401.747816234719, 18
1, 4401.747816234719, 18
1, 4401.747816234719, 18
2, 8717.020144027674, 36
2, 8717.020144027674, 36
1, 4493.952471583829, 18
3, 13610.940989823248, 54
2, 8942.628877453584, 36
2, 8942.628877453584, 36
4, 18059.617395693007, 72
4, 17710.267689761928, 72
2, 9075.396961773477, 36
2, 9116.988518239421, 36
4, 18407.392255115672, 72
4, 18407.392255115672, 72
2, 9116.988518239421, 36
2, 9249.900946024065, 36
2, 9249.900946024065, 36
2, 9290.403736876255, 36
2, 9157.49130909161, 36
1, 4754.824655479307, 18
2, 9423.281111313723, 36
1, 4668.456455834416, 18
1, 4668.456455834416, 18
2, 9423.281111313723, 36
2, 9423.281111313723, 36
2, 9554.818476709921, 36
1, 4668.456455834416, 18
2, 9462.548445292063, 36
1, 4668.456455834416, 18
1, 4668.456455834416, 18
1, 4668.456455834416, 18
1, 4668.456455834416, 18
1, 4668.456455834416, 18
1, 4668.456455834416, 18
1, 4668.456455834416, 18
2, 9381.557696772037, 36
2, 9513.095062168235, 36
4, 19112.036590808537, 72
4, 18936.37617348196, 72
2, 9643.138130286712, 36
1, 4713.101240937623, 18
3, 14529.192258513332, 54
3, 14529.192258513332, 54
1, 19281.25239780856, 16
1, 4387.8870110738635, 18
1, 4387.8870110738635, 18
2, 8691.144122638398, 36
1, 4387.8870110738635, 18
2, 8691.144122638398, 36
1, 4387.8870110738635, 18
2, 8691.144122638398, 36
4, 17278.631033370417, 72
2, 8691.144122638398, 36
2, 8691.144122638398, 36
3, 12975.373921805884, 54
1, 4218.355388708234, 18
2, 8351.682630101077, 36
4, 16800.892326347923, 72
4, 16800.892326347923, 72
3, 12582.536937639688, 54
1, 4133.327241392843, 18
2, 8691.144122638398, 36
2, 8691.144122638398, 36
1, 4387.8870110738635, 18
2, 8723.516393486498, 36
3, 12890.74402229655, 54
1, 4387.8870110738635, 18
2, 8826.568427783204, 36
1, 4438.681416709341, 18
2, 8826.568427783204, 36
1, 4218.355388708234, 18
2, 8485.88644110336, 36
2, 8485.88644110336, 36
2, 8351.682630101077, 36
2, 8351.682630101077, 36
1, 4387.8870110738635, 18
2, 8791.929049988952, 36
1, 4387.8870110738635, 18
4, 17483.073172627348, 72
3, 13044.39175591801, 54
1, 4387.8870110738635, 18
2, 8826.568427783204, 36
2, 8791.929049988952, 36
1, 4438.681416709341, 18
1, 4438.681416709341, 18
1, 4438.681416709341, 18
2, 8826.568427783204, 36
1, 4438.681416709341, 18
2, 8826.568427783204, 36
1, 4438.681416709341, 18
2, 8826.568427783204, 36
2, 8826.568427783204, 36
1, 4387.8870110738635, 18
1, 4387.8870110738635, 18
1, 4387.8870110738635, 18
1, 4387.8870110738635, 18
2, 8826.568427783204, 36
2, 8826.568427783204, 36
3, 13298.661741945536, 54
1, 4387.8870110738635, 18
1, 4387.8870110738635, 18
1, 4387.8870110738635, 18
1, 4387.8870110738635, 18
1, 4387.8870110738635, 18
2, 8859.980325236198, 36
3, 13278.969568096887, 54
4, 17614.598950509524, 72
2, 8723.516393486498, 36
1, 4387.8870110738635, 18
1, 4387.8870110738635, 18
1, 4387.8870110738635, 18
1, 4387.8870110738635, 18
1, 4387.8870110738635, 18
1, 4335.629382412633, 18
1, 4387.8870110738635, 18
2, 8723.516393486498, 36
1, 4387.8870110738635, 18
1, 4387.8870110738635, 18
1, 4387.8870110738635, 18
2, 8723.516393486498, 36
1, 4523.679030201226, 18
1, 17822.34077214678, 16
1, 4523.679030201226, 18
1, 4218.355388708234, 18
1, 4523.679030201226, 18
1, 4523.679030201226, 18
2, 8962.360446910567, 36
3, 13434.453761072898, 54
1, 4523.679030201226, 18
4, 18159.571651026945, 72
2, 8995.772344363559, 36
1, 4472.093314162333, 18
2, 9027.81155188561, 36
1, 4472.093314162333, 18
1, 4472.093314162333, 18
3, 13383.659355437423, 54
1, 4523.679030201226, 18
3, 13705.41942505851, 54
1, 4523.679030201226, 18
1, 4523.679030201226, 18
1, 4523.679030201226, 18
2, 9097.338356118395, 36
2, 9266.860587000594, 36
2, 9266.860587000594, 36
2, 9266.860587000594, 36
1, 4608.081068940112, 18
1, 4523.679030201226, 18
2, 9131.76009914134, 36
1, 4608.081068940112, 18
2, 9163.799306663388, 36
4, 18159.571651026945, 72
1, 4303.257111564534, 18
1, 4303.257111564534, 18
1, 4303.257111564534, 18
1, 4303.257111564534, 18
1, 4303.257111564534, 18
1, 4303.257111564534, 18
1, 4303.257111564534, 18
1, 4303.257111564534, 18
2, 8656.504744844146, 36
2, 8656.504744844146, 36
2, 8656.504744844146, 36
2, 8656.504744844146, 36
1, 4353.247633279611, 18
1, 4353.247633279611, 18
2, 8791.929049988952, 36
1, 4353.247633279611, 18
1, 4353.247633279611, 18
2, 8791.929049988952, 36
2, 8555.11463988392, 36
2, 8555.11463988392, 36
3, 12773.470028592155, 54
1, 4251.857528319385, 18
1, 4303.257111564534, 18
2, 8555.11463988392, 36
1, 4251.857528319385, 18
1, 4303.257111564534, 18
2, 8555.11463988392, 36
1, 4303.257111564534, 18
2, 8555.11463988392, 36
1, 4251.857528319385, 18
2, 8656.504744844146, 36
1, 4353.247633279611, 18
2, 8656.504744844146, 36
1, 4353.247633279611, 18
1, 17142.39118594745, 16
1, 4353.247633279611, 18
1, 4353.247633279611, 18
1, 4353.247633279611, 18
2, 8656.504744844146, 36
1, 4303.257111564534, 18
1, 4353.247633279611, 18
1, 4303.257111564534, 18
2, 8521.61250027277, 36
2, 8351.682630101077, 36
1, 4218.355388708234, 18
1, 4315.272327792955, 18
2, 8543.922778594986, 36
1, 4267.531052395127, 18
1, 4267.531052395127, 18
1, 4267.531052395127, 18
1, 4267.531052395127, 18
1, 4353.247633279611, 18
2, 8582.803380188081, 36
4, 17337.798829702413, 72
2, 8620.778685674737, 36
1, 4361.500740977959, 18
1, 17527.19729087535, 16
2, 8676.773068770915, 36
2, 8676.773068770915, 36
1, 4361.500740977959, 18
1, 4361.500740977959, 18
2, 8620.778685674737, 36
2, 8485.88644110336, 36
1, 4267.531052395127, 18
2, 8754.99544951433, 36
2, 8754.99544951433, 36
2, 8754.99544951433, 36
4, 17681.60531246532, 72
3, 13279.8574962306, 54
2, 8754.99544951433, 36
2, 8754.99544951433, 36
1, 4438.681416709341, 18
1, 4438.681416709341, 18
1, 4438.681416709341, 18
1, 4438.681416709341, 18
1, 4438.681416709341, 18
1, 4438.681416709341, 18
1, 4438.681416709341, 18
2, 8791.929049988952, 36
1, 4438.681416709341, 18
1, 4438.681416709341, 18
1, 4438.681416709341, 18
1, 4438.681416709341, 18
1, 4438.681416709341, 18
1, 4438.681416709341, 18
2, 8962.360446910567, 36
3, 13350.24745798443, 54
4, 18023.948219069385, 72
2, 8926.609862950989, 36
3, 13500.269188868157, 54
1, 4487.92844624165, 18
1, 4438.681416709341, 18
2, 8926.609862950989, 36
1, 4487.92844624165, 18
1, 4361.500740977959, 18
1, 4361.500740977959, 18
2, 8676.773068770915, 36
3, 13125.449474640669, 54
3, 13125.449474640669, 54
1, 4361.500740977959, 18
1, 4361.500740977959, 18
1, 4361.500740977959, 18
1, 4361.500740977959, 18
1, 4361.500740977959, 18
1, 4361.500740977959, 18
1, 4361.500740977959, 18
3, 13216.315218178095, 54
1, 4315.272327792955, 18
1, 4361.500740977959, 18
1, 4361.500740977959, 18
1, 4361.500740977959, 18
2, 8767.63881230834, 36
2, 8767.63881230834, 36
4, 17359.958269582177, 72
2, 8767.63881230834, 36
1, 4361.500740977959, 18
2, 8635.66766906908, 36
1, 4361.500740977959, 18
1, 4361.500740977959, 18
2, 8676.773068770915, 36
1, 4274.166928091121, 18
2, 8635.66766906908, 36
2, 8635.66766906908, 36
1, 4361.500740977959, 18
1, 4315.272327792955, 18
1, 4315.272327792955, 18
1, 4315.272327792955, 18
2, 8676.773068770915, 36
2, 8717.020144027674, 36
2, 8717.020144027674, 36
1, 4315.272327792955, 18
2, 8717.020144027674, 36
1, 4315.272327792955, 18
2, 8676.773068770915, 36
1, 4315.272327792955, 18
2, 8717.020144027674, 36
1, 4401.747816234719, 18
1, 4315.272327792955, 18
1, 4315.272327792955, 18
1, 4315.272327792955, 18
1, 4315.272327792955, 18
2, 8676.773068770915, 36
1, 4181.678643851717, 18
2, 8277.509314416322, 36
1, 4181.678643851717, 18
2, 8277.509314416322, 36
2, 8277.509314416322, 36
3, 12506.159765218352, 54
1, 4181.678643851717, 18
1, 4181.678643851717, 18
1, 4228.650450802031, 18
1, 4181.678643851717, 18
2, 8410.329094653749, 36
2, 8315.00588524456, 36
1, 4133.327241392843, 18
2, 8315.00588524456, 36
2, 8315.00588524456, 36
1, 4181.678643851717, 18
2, 8410.329094653749, 36
1, 4181.678643851717, 18
2, 8315.00588524456, 36
3, 12552.353017676121, 54
1, 4181.678643851717, 18
1, 4228.650450802031, 18
1, 4228.650450802031, 18
2, 8502.81737889315, 36
2, 8502.81737889315, 36
1, 4228.650450802031, 18
1, 4228.650450802031, 18
2, 8502.81737889315, 36
1, 4228.650450802031, 18
2, 8502.81737889315, 36
1, 4228.650450802031, 18
1, 4228.650450802031, 18
1, 4228.650450802031, 18
2, 8502.81737889315, 36
2, 8502.81737889315, 36
4, 17179.590447664064, 72
1, 4228.650450802031, 18
2, 8410.329094653749, 36
1, 4228.650450802031, 18
2, 8543.922778594986, 36
1, 4274.166928091121, 18
1, 4274.166928091121, 18
1, 4274.166928091121, 18
1, 4274.166928091121, 18
1, 4274.166928091121, 18
1, 4230.140330741464, 18
2, 8286.408559628913, 36
2, 8372.379280743651, 36
2, 8241.82939571359, 36
1, 4230.140330741464, 18
4, 16658.787840372563, 72
3, 12644.29733461519, 54
1, 4142.238950002188, 18
1, 4142.238950002188, 18
1, 4142.238950002188, 18
4, 17179.590447664064, 72
1, 4274.166928091121, 18
1, 4230.140330741464, 18
1, 4230.140330741464, 18
1, 4274.166928091121, 18
1, 4274.166928091121, 18
1, 4274.166928091121, 18
1, 4274.166928091121, 18
1, 4230.140330741464, 18
1, 4230.140330741464, 18
2, 8372.379280743651, 36
1, 4274.166928091121, 18
1, 4274.166928091121, 18
1, 4274.166928091121, 18
1, 4230.140330741464, 18
1, 4230.140330741464, 18
1, 4274.166928091121, 18
1, 4318.152529182718, 18
1, 4318.152529182718, 18
1, 4318.152529182718, 18
1, 4274.166928091121, 18
1, 4318.152529182718, 18
2, 8592.31945727384, 36
2, 8592.31945727384, 36
1, 4318.152529182718, 18
1, 4274.166928091121, 18
1, 4274.166928091121, 18
2, 8592.31945727384, 36
1, 4274.166928091121, 18
1, 4274.166928091121, 18
1, 4274.166928091121, 18
1, 16831.65941583301, 16
1, 4230.140330741464, 18
1, 4230.140330741464, 18
1, 4230.140330741464, 18
1, 4230.140330741464, 18
1, 4230.140330741464, 18
1, 4230.140330741464, 18
1, 4230.140330741464, 18
1, 4230.140330741464, 18
1, 4230.140330741464, 18
1, 4055.527504377193, 18
2, 8155.117950088594, 36
2, 8155.117950088594, 36
2, 8155.117950088594, 36
1, 4230.140330741464, 18
3, 12124.406742978332, 54
1, 4230.140330741464, 18
2, 8416.958444658974, 36
2, 8416.958444658974, 36
1, 4186.81811391751, 18
1, 4230.140330741464, 18
2, 8416.958444658974, 36
2, 8416.958444658974, 36
1, 4230.140330741464, 18
2, 8548.292859924182, 36
1, 4230.140330741464, 18
2, 8416.958444658974, 36
1, 4230.140330741464, 18
1, 4055.527504377193, 18
2, 8024.816297266931, 36
1, 3969.2887928897376, 18
1, 3969.2887928897376, 18
1, 3969.2887928897376, 18
1, 4055.527504377193, 18
1, 4055.527504377193, 18
1, 3969.2887928897376, 18
1, 16137.019624887149, 16
2, 8112.203327620181, 36
2, 8548.292859924182, 36
2, 8416.958444658974, 36
2, 8548.292859924182, 36
1, 4230.140330741464, 18
1, 4230.140330741464, 18
1, 4230.140330741464, 18
1, 4230.140330741464, 18
3, 12516.548890370375, 54
1, 4230.140330741464, 18
1, 4230.140330741464, 18
1, 4230.140330741464, 18
2, 8502.058384613005, 36
2, 8502.058384613005, 36
1, 4230.140330741464, 18
1, 4271.91805387154, 18
1, 4230.140330741464, 18
1, 4230.140330741464, 18
1, 4230.140330741464, 18
1, 4230.140330741464, 18
1, 4230.140330741464, 18
2, 8502.058384613005, 36
2, 8632.450230687291, 36
2, 8502.058384613005, 36
1, 4230.140330741464, 18
1, 4230.140330741464, 18
2, 8592.31945727384, 36
1, 4318.152529182718, 18
1, 4274.166928091121, 18
1, 4318.152529182718, 18
1, 4318.152529182718, 18
1, 4318.152529182718, 18
1, 4230.140330741464, 18
4, 17009.27790193281, 72
1, 17180.74309061146, 16
2, 8678.68470599847, 36
1, 4318.152529182718, 18
2, 8724.290600513099, 36
1, 4274.166928091121, 18
2, 8592.31945727384, 36
1, 4274.166928091121, 18
2, 8592.31945727384, 36
2, 8460.985042008631, 36
1, 4186.81811391751, 18
1, 4186.81811391751, 18
1, 4186.81811391751, 18
1, 4186.81811391751, 18
1, 4186.81811391751, 18
1, 4186.81811391751, 18
2, 8460.985042008631, 36
2, 8460.985042008631, 36
2, 8460.985042008631, 36
2, 8460.985042008631, 36
1, 4274.166928091121, 18
3, 12644.841301915525, 54
4, 16483.95998702848, 72
2, 8197.551427399567, 36
2, 8328.842036939885, 36
2, 8155.117950088594, 36
1, 4099.590445711401, 18
1, 4099.590445711401, 18
2, 8241.82939571359, 36
2, 8241.82939571359, 36
2, 8241.82939571359, 36
1, 4274.166928091121, 18
2, 8328.842036939885, 36
2, 8328.842036939885, 36
1, 4274.166928091121, 18
1, 4274.166928091121, 18
1, 4274.166928091121, 18
1, 4054.5786543607205, 18
3, 12296.40805007431, 54
3, 12296.40805007431, 54
2, 8196.817604362908, 36
1, 4142.238950002188, 18
2, 8196.817604362908, 36
1, 4054.5786543607205, 18
2, 8067.191536269502, 36
2, 7981.901674798518, 36
2, 8112.203327620181, 36
1, 4012.6128819087803, 18
2, 8611.55460045072, 36
1, 4012.6128819087803, 18
2, 8611.55460045072, 36
1, 4012.6128819087803, 18
1, 4012.6128819087803, 18
1, 4012.6128819087803, 18
2, 8611.55460045072, 36
2, 8611.55460045072, 36
1, 4350.553576254883, 18
1, 4261.001024195837, 18
1, 4223.0132289889225, 18
1, 16789.83352090823, 16
2, 8484.01425318476, 36
1, 4350.553576254883, 18
1, 4350.553576254883, 18
2, 8611.55460045072, 36
1, 4261.001024195837, 18
2, 8558.299997489694, 36
1, 4297.298973293859, 18
2, 8558.299997489694, 36
2, 8684.569812755313, 36
1, 4297.298973293859, 18
1, 4297.298973293859, 18
3, 13016.410878713179, 54
3, 13016.410878713179, 54
1, 4331.841065957866, 18
3, 13016.410878713179, 54
4, 17296.124413206035, 72
1, 4261.001024195837, 18
2, 8432.654633098447, 36
2, 8558.299997489694, 36
2, 8558.299997489694, 36
4, 17655.299713100365, 72
1, 4350.553576254883, 18
4, 17655.299713100365, 72
1, 4350.553576254883, 18
2, 8809.433971784963, 36
2, 8737.824415716339, 36
1, 4387.270839461455, 18
2, 8684.569812755313, 36
1, 4387.270839461455, 18
1, 4401.23155584064, 18
1, 4401.23155584064, 18
1, 17504.041981416263, 16
2, 8790.730992048882, 36
1, 4350.553576254883, 18
2, 8662.63300978162, 36
3, 13153.488405161375, 54
2, 8662.63300978162, 36
1, 4350.553576254883, 18
1, 4350.553576254883, 18
1, 4350.553576254883, 18
2, 8662.63300978162, 36
2, 8662.63300978162, 36
1, 4350.553576254883, 18
1, 4261.001024195837, 18
4, 16635.700491390588, 72
2, 8357.17888780978, 36
2, 8406.4162457466, 36
1, 16475.339207943707, 16
2, 8278.521603580808, 36
3, 12420.760553582995, 54
1, 4183.4030167576775, 18
1, 4183.4030167576775, 18
2, 8325.641966759864, 36
1, 4142.238950002188, 18
3, 12597.560020631405, 54
2, 8325.641966759864, 36
1, 4142.238950002188, 18
1, 4142.238950002188, 18
3, 12380.220621120585, 54
2, 8196.817604362908, 36
1, 4271.91805387154, 18
3, 12685.461401370683, 54
2, 8455.321070629218, 36
2, 8583.997487398277, 36
2, 8583.997487398277, 36
4, 16827.700351372867, 72
1, 4271.91805387154, 18
1, 4261.001024195837, 18
1, 4261.001024195837, 18
2, 8934.685902854828, 36
1, 4422.16313232351, 18
1, 4422.16313232351, 18
1, 4422.16313232351, 18
2, 8989.820652121347, 36
2, 8917.475297384028, 36
1, 4512.522770531318, 18
2, 8864.568721051484, 36
1, 17799.254623906276, 16
1, 4477.29788159003, 18
1, 17799.254623906276, 16
1, 4579.226827925361, 18
3, 13688.624259571105, 54
3, 13688.624259571105, 54
1, 4579.226827925361, 18
1, 4579.226827925361, 18
2, 9069.556493916178, 36
1, 4490.329665990818, 18
3, 13599.287985774357, 54
3, 13599.287985774357, 54
3, 13599.287985774357, 54
3, 13599.287985774357, 54
3, 13599.287985774357, 54
1, 4261.001024195837, 18
1, 4490.329665990818, 18
1, 4490.329665990818, 18
1, 4490.329665990818, 18
2, 9020.061157848997, 36
1, 4490.329665990818, 18
2, 9020.061157848997, 36
1, 4490.329665990818, 18
1, 4490.329665990818, 18
1, 4490.329665990818, 18
2, 9069.556493916178, 36
1, 18218.35575142928, 16
1, 18218.35575142928, 16
1, 18218.35575142928, 16
1, 4529.731491858177, 18
2, 9069.556493916178, 36
1, 4529.731491858177, 18
2, 9148.799257513103, 36
1, 4619.067765654926, 18
2, 9020.061157848997, 36
1, 4449.106649354221, 18
3, 13476.932036661487, 54
3, 13476.932036661487, 54
2, 8611.55460045072, 36
4, 18056.158864586847, 72
2, 9116.722549241807, 36
1, 4537.495721316446, 18
2, 9116.722549241807, 36
1, 4406.13807133038, 18
2, 8855.2447206846, 36
2, 8855.2447206846, 36
4, 17533.92942668307, 72
4, 17533.92942668307, 72
2, 8855.2447206846, 36
3, 13392.740442001046, 54
3, 13392.740442001046, 54
3, 13392.740442001046, 54
1, 4449.106649354221, 18
1, 4449.106649354221, 18
1, 4449.106649354221, 18
1, 4537.495721316446, 18
1, 4261.001024195837, 18
1, 18588.549079287583, 16
4, 18238.43957541583, 72
2, 9206.991382515555, 36
2, 8611.55460045072, 36
1, 4350.553576254883, 18
1, 4261.001024195837, 18
1, 4261.001024195837, 18
2, 8611.55460045072, 36
4, 17146.64726296638, 72
2, 8484.01425318476, 36
1, 4261.001024195837, 18
2, 8611.55460045072, 36
1, 4350.553576254883, 18
1, 4350.553576254883, 18
4, 17296.124413206035, 72
3, 12908.85357374458, 54
1, 4350.553576254883, 18
1, 4312.079433526737, 18
1, 4312.079433526737, 18
1, 4312.079433526737, 18
2, 8455.321070629218, 36
1, 4312.079433526737, 18
1, 4312.079433526737, 18
1, 4312.079433526737, 18
4, 16990.413733144876, 72
1, 4312.079433526737, 18
2, 8535.09266251566, 36
1, 4312.079433526737, 18
4, 16990.413733144876, 72
1, 4312.079433526737, 18
2, 8662.63300978162, 36
1, 4271.91805387154, 18
2, 8583.997487398277, 36
1, 4312.079433526737, 18
1, 4312.079433526737, 18
2, 8535.09266251566, 36
1, 4312.079433526737, 18
4, 17345.76122005467, 72
4, 17345.76122005467, 72
1, 4312.079433526737, 18
1, 4312.079433526737, 18
1, 4401.23155584064, 18
4, 17345.76122005467, 72
2, 8713.310989367377, 36
1, 4312.079433526737, 18
2, 8535.09266251566, 36
2, 8535.09266251566, 36
4, 16635.700491390588, 72
1, 4183.4030167576775, 18
1, 4183.4030167576775, 18
2, 8325.641966759864, 36
3, 12685.461401370683, 54
1, 4401.23155584064, 18
2, 8891.561221831458, 36
1, 4490.329665990818, 18
1, 4401.23155584064, 18
1, 4401.23155584064, 18
4, 17701.20004800143, 72
1, 4360.532176815751, 18
1, 4401.23155584064, 18
2, 8891.561221831458, 36
2, 8891.561221831458, 36
1, 4360.532176815751, 18
1, 4401.23155584064, 18
1, 4360.532176815751, 18
1, 4401.23155584064, 18
1, 4449.106649354221, 18
1, 4490.329665990818, 18
4, 17701.20004800143, 72
2, 8939.436315345038, 36
2, 8939.436315345038, 36
1, 4401.23155584064, 18
2, 8891.561221831458, 36
1, 4449.106649354221, 18
2, 8939.436315345038, 36
2, 8809.638826169972, 36
1, 4360.532176815751, 18
2, 8761.76373265639, 36
2, 8761.76373265639, 36
2, 8761.76373265639, 36
1, 4360.532176815751, 18
1, 4360.532176815751, 18
1, 4360.532176815751, 18
1, 4360.532176815751, 18
1, 4360.532176815751, 18
1, 4360.532176815751, 18
1, 4360.532176815751, 18
1, 4360.532176815751, 18
1, 4401.23155584064, 18
2, 8761.76373265639, 36
2, 8761.76373265639, 36
2, 8761.76373265639, 36
2, 8713.310989367377, 36
1, 4401.23155584064, 18
4, 17861.470129483634, 72
2, 8841.408971634639, 36
2, 8969.908907652176, 36
2, 8969.908907652176, 36
2, 9020.061157848997, 36
1, 4529.731491858177, 18
1, 4529.731491858177, 18
1, 4529.731491858177, 18
2, 9020.061157848997, 36
1, 4529.731491858177, 18
2, 8917.475297384028, 36
2, 8917.475297384028, 36
1, 4440.177415793999, 18
1, 4440.177415793999, 18
2, 8917.475297384028, 36
2, 8917.475297384028, 36
2, 8917.475297384028, 36
3, 13191.962547889521, 54
4, 18014.444793896415, 72
1, 4440.177415793999, 18
1, 4512.522770531318, 18
2, 8934.685902854828, 36
2, 8934.685902854828, 36
2, 8934.685902854828, 36
1, 4512.522770531318, 18
1, 4422.16313232351, 18
2, 8855.2447206846, 36
2, 8855.2447206846, 36
1, 4406.13807133038, 18
1, 4449.106649354221, 18
2, 8855.2447206846, 36
3, 13480.554842254496, 54
2, 8900.09054291421, 36
1, 17886.692913584844, 16
1, 17886.692913584844, 16
2, 8767.63881230834, 36
2, 8767.63881230834, 36
3, 13084.822777328847, 54
2, 9031.448192900276, 36
2, 9031.448192900276, 36
1, 4537.495721316446, 18
1, 4537.495721316446, 18
2, 9116.722549241807, 36
1, 4537.495721316446, 18
1, 4625.546892325907, 18
1, 4625.546892325907, 18
1, 4625.546892325907, 18
1, 4625.546892325907, 18
2, 9163.042613642354, 36
3, 13830.811983389009, 54
2, 9293.316262072563, 36
1, 4625.546892325907, 18
1, 4625.546892325907, 18
