77, 6253.388110565242, 1920
54, 4360.750710759924, 1346
61, 4063.010074367793, 1526
105, 7675.524152925396, 2626
1, 18.158695451731017, 26
138, 11053.281131795102, 3442
71, 4955.06647487397, 1770
62, 3565.082245891187, 1552
60, 4239.301259409824, 1506
8, 268.1723001816031, 204
22, 823.5197982239945, 558
20, 613.4351911626935, 512
84, 7330.253605567219, 2096
99, 8392.03716641786, 2468
1, 19.041418272558953, 26
128, 10103.220956983823, 3208
26, 873.5869408207863, 664
2, 39.709006455076334, 52
1, 19.844221647542245, 26
2, 39.72950402785163, 52
2, 39.893850776702436, 52
1, 16.61115860486054, 26
2, 39.611728448893714, 52
1, 19.854432225276106, 26
1, 19.812080916047197, 26
1, 19.905849693200523, 26
1, 19.905849693200523, 26
1, 19.874969979952645, 26
1, 19.905849693200523, 26
1, 19.905849693200523, 26
2, 39.760990397831, 52
1, 19.895487160600304, 26
102, 8420.62655801094, 2546
6, 169.12632834916909, 154
113, 6553.071550344226, 2840
3, 59.436870218184104, 78
1, 19.905849693200523, 26
1, 19.812080916047197, 26
103, 13164.398504896031, 2538
1, 19.864784807534086, 26
2, 37.42905404132822, 52
37, 1376.4129854359676, 938
1, 18.863220274923336, 26
2, 39.71921703281019, 52
1, 19.849984116960325, 26
6, 119.30987891842753, 156
1, 19.879804640862794, 26
2, 37.79177960356582, 52
3, 59.6831660715749, 78
36, 1672.4958386224296, 910
36, 1672.4958386224296, 910
1, 19.799604260543145, 26
1, 19.799604260543145, 26
1, 19.851183527729816, 26
2, 39.38212283384875, 52
2, 99.3541758034255, 50
5, 99.08966884271166, 130
3, 59.240487027381825, 78
1, 19.701252764502886, 26
83, 6431.342518507868, 2084
2, 37.601234634939665, 52
2, 38.78239256165988, 52
8, 154.4478043507426, 208
98, 5837.358432202233, 2458
13, 368.9103860575737, 334
88, 7513.556166895864, 2180
3, 56.20692035251361, 78
1, 18.912785209099706, 26
6, 170.00727370861804, 154
4, 75.34936097371639, 104
4, 75.5276364063884, 104
7, 131.7480385098021, 182
2, 37.826254870214655, 52
1, 18.833080803236157, 26
4, 188.8970669438021, 100
2, 36.0941968865678, 52
1, 18.67835282083747, 26
1, 18.800973159438673, 26
2, 37.812565422971495, 52
129, 6793.411079933179, 3254
129, 6793.411079933179, 3254
3, 113.10008479609802, 76
3, 56.182516541432435, 78
7, 127.16058573336741, 182
4, 125.94442857153973, 102
7, 126.64691447775682, 182
108, 8164.846985286292, 2706
5, 91.60787900462532, 130
5, 91.87137293118437, 130
2, 32.01776418560826, 52
6, 109.60084352549042, 156
4, 72.88166433669831, 104
4, 74.30304991520485, 104
2, 37.15327389385625, 52
1, 18.536445974818527, 26
135, 8603.372340307027, 3372
38, 1741.4643584880125, 962
115, 8789.9032489888, 2878
37, 1662.1967351387684, 932
117, 6981.12843949926, 2924
69, 3661.049275743821, 1740
75, 3832.892783775004, 1886
73, 5900.295119714531, 1820
73, 5900.295119714531, 1820
69, 5499.576890244365, 1712
75, 5678.4418073017405, 1874
93, 7060.487806592271, 2326
107, 7102.611029214523, 2668
107, 10474.581762796239, 2660
107, 10474.581762796239, 2660
21, 869.0188074017739, 532
42, 1875.6379122290832, 1058
23, 1061.1879368421783, 584
3, 55.57616298200361, 78
27, 934.2226643005733, 690
41, 1690.2465167010575, 1040
60, 2582.4011332972577, 1518
49, 2574.6876923121345, 1230
78, 5581.244071642481, 1958
32, 1401.060468845642, 804
122, 9247.800872354708, 3058
52, 2218.4664729478345, 1318
3, 99.67998415835473, 76
1, 16.615482692450566, 26
2, 32.0581867022066, 52
62, 4025.7061010341545, 1540
62, 4025.7061010341545, 1540
5, 82.85825672006916, 130
1, 16.561767353987346, 26
52, 2673.9773545410603, 1310
66, 4281.620897085566, 1650
73, 5684.163893293055, 1812
71, 4128.710922092176, 1776
68, 5176.485073934749, 1698
65, 3856.097294062807, 1632
49, 2193.7962419265446, 1240
100, 5685.167446538459, 2504
11, 442.26660896882737, 282
34, 1452.80941618921, 862
79, 4280.103835473255, 2000
53, 2567.2286384114273, 1330
3, 50.389499926442205, 78
63, 2793.3184582697245, 1594
81, 4984.983284889126, 2034
65, 4112.838075713272, 1628
31, 1068.0870603767985, 784
49, 1626.3497018195974, 1248
49, 1626.3497018195974, 1248
21, 644.5370466102861, 534
67, 2500.477220676223, 1692
67, 2500.477220676223, 1692
97, 5593.040996639589, 2418
69, 3709.531432885549, 1734
82, 6071.850781003831, 2024
1, 16.60601289600629, 26
50, 2059.5136789841254, 1262
4, 65.59099576181441, 104
71, 3727.936098456096, 1778
54, 2704.345681815598, 1352
1, 63.66595395692452, 24
89, 5056.834724731079, 2220
11, 285.9667264123716, 282
5, 134.28253073455306, 128
1, 16.773128410816206, 26
9, 302.49018128867203, 228
88, 4295.6382160806, 2216
88, 4295.6382160806, 2216
94, 6921.4795417686855, 2352
111, 6375.954028562398, 2778
96, 5853.748146982487, 2390
118, 7558.108606917877, 2948
91, 4871.35967680918, 2288
91, 4871.35967680918, 2288
82, 5913.169530817354, 2040
79, 4502.121023607084, 1980
39, 1918.4645974377404, 984
136, 9163.087356562683, 3392
94, 6526.047937876086, 2354
89, 5203.020472088031, 2228
87, 7324.4902550643765, 2172
86, 5095.167641103002, 2156
75, 4957.091932987654, 1884
100, 9549.804034398412, 2466
58, 3840.1347519976316, 1438
116, 7801.586990511615, 2930
116, 7801.586990511615, 2930
1, 18.593713649993905, 26
9, 223.68076369058738, 232
9, 223.68076369058738, 232
9, 223.68076369058738, 232
8, 372.32814112941986, 200
6, 167.4748124189932, 154
9, 223.62798608719675, 232
2, 37.31423003550706, 52
1, 18.6679580497455, 26
20, 597.1887660914304, 512
17, 766.345163562356, 432
5, 149.99118984970005, 128
6, 224.48055530632013, 152
19, 1148.5162467197797, 478
26, 1052.280496334414, 662
16, 699.136714287416, 402
36, 2442.107925603113, 898
24, 856.4724691393202, 610
44, 2153.56253575621, 1110
33, 1756.750187829315, 836
7, 239.65517516211708, 178
9, 331.3967082418426, 228
9, 276.95364622366935, 230
7, 297.7322787996398, 176
41, 1265.31732516281, 1054
30, 1111.254917445708, 760
9, 223.3385685125528, 232
37, 1641.456670723677, 940
36, 1917.5191110367666, 910
6, 166.37151343019605, 154
12, 331.34450917187394, 308
12, 331.0921671733601, 308
20, 592.0566980285698, 512
22, 679.4713642450683, 562
36, 1982.6913079943297, 906
26, 1316.387435221066, 652
44, 2159.0883858437032, 1114
50, 1839.0919207475297, 1274
22, 1123.0063566806675, 558
1, 18.223626968696255, 26
34, 1556.8144856328968, 868
31, 898.680088676987, 794
3, 55.09969127276323, 78
22, 796.8902566199597, 558
1, 18.234780639191246, 26
1, 18.234780639191246, 26
1, 18.234780639191246, 26
34, 2003.9230672163299, 852
34, 2003.9230672163299, 852
34, 2003.9230672163299, 852
7, 128.28511850289368, 182
12, 329.1391626748515, 308
39, 1638.6986167708742, 986
39, 1638.6986167708742, 986
39, 1638.6986167708742, 986
39, 1638.6986167708742, 986
39, 1638.6986167708742, 986
1, 18.24555049941831, 26
1, 18.24555049941831, 26
40, 1605.1402196316315, 1020
1, 18.158695451731017, 26
20, 638.5930284144216, 510
33, 1282.0760665196683, 840
33, 1282.0760665196683, 840
4, 129.66074574681542, 102
7, 130.00496052808268, 182
34, 1420.8900299438312, 862
33, 1516.353169397673, 838
3, 53.56068823216738, 78
38, 1325.1392885581547, 964
27, 859.6051321032863, 688
25, 943.9591860008868, 638
16, 888.039493926173, 406
18, 758.8113071910677, 458
16, 450.9008817029977, 410
36, 1567.5867052333185, 914
10, 236.54934611790625, 258
22, 563.5528795103003, 566
11, 364.15063150112553, 280
20, 793.8163460246319, 504
1, 72.74531950871587, 24
20, 743.846802936181, 506
12, 328.56343391505254, 308
20, 689.5399814435939, 508
18, 701.9226941680781, 454
19, 664.4300170068725, 482
14, 366.6444000778979, 360
1, 18.310507539599527, 26
21, 604.7613106230701, 538
21, 604.7613106230701, 538
17, 533.1542187751157, 434
18, 602.5338344827928, 458
33, 1205.3428801284613, 836
33, 1205.3428801284613, 836
25, 1010.2970218956546, 636
1, 19.812080916047197, 26
6, 109.70788611231269, 156
9, 166.11144105427752, 234
32, 1531.0538716523592, 810
32, 1531.0538716523592, 810
2, 38.274201667804924, 52
2, 38.31401834097666, 52
1, 19.849984116960325, 26
1, 19.851183527729816, 26
21, 1005.0951548881418, 532
3, 57.48444330736223, 78
2, 39.72950402785163, 52
7, 134.20289198573624, 182
2, 39.893850776702436, 52
26, 873.5869408207863, 664
26, 989.105868525388, 660
2, 39.709006455076334, 52
1, 19.844221647542245, 26
4, 76.67047247918914, 104
6, 114.44772124211227, 156
1, 19.874969979952645, 26
11, 267.1585697924294, 284
10, 418.91081328583135, 252
29, 1119.8412303031669, 734
26, 1354.1137153182435, 658
52, 2517.6812833847803, 1316
25, 1430.2913208959126, 628
42, 2099.348328283996, 1052
25, 828.7606211851238, 638
25, 828.7606211851238, 638
54, 2204.3505652422778, 1370
3, 57.41501393079044, 78
1, 19.905849693200523, 26
1, 19.905849693200523, 26
2, 38.26296514717281, 52
1, 76.54583330600057, 24
2, 38.24039536398503, 52
1, 19.812080916047197, 26
1, 77.06982308974807, 24
33, 1326.661253311381, 834
28, 1107.1620472588354, 708
18, 634.9871390607666, 458
27, 1083.4405891502486, 682
36, 1495.1605204388204, 914
39, 2279.65167722358, 978
49, 2523.31083746385, 1232
25, 901.4407783192449, 636
22, 944.3116558806498, 554
24, 808.3980603733851, 612
52, 2100.6459782903607, 1320
50, 2912.2559064764287, 1256
1, 19.041418272558953, 26
35, 1994.3098782648592, 882
29, 1801.7637530020259, 724
51, 3632.1332150986923, 1272
78, 5072.673647954055, 1960
4, 76.58557257158358, 104
4, 76.54165729849186, 104
6, 114.72111947660842, 156
3, 114.59361787019196, 76
5, 153.0036594156753, 128
6, 172.3735096272434, 154
15, 459.5978015268512, 384
8, 211.14564408297832, 206
2, 39.611728448893714, 52
68, 3878.299564129343, 1706
4, 79.45876386886286, 104
5, 153.5262112543932, 128
8, 211.2336290898327, 206
1, 19.895487160600304, 26
4, 76.63071193785918, 104
10, 191.66887181409894, 260
7, 248.72404438213889, 178
2, 37.79177960356582, 52
5, 95.60683387767372, 130
3, 59.436870218184104, 78
1, 19.905849693200523, 26
1, 19.905849693200523, 26
1, 19.905849693200523, 26
1, 19.864784807534086, 26
1, 19.701252764502886, 26
21, 1006.239197281591, 532
5, 84.40015009818072, 130
40, 1368.2937596643915, 1018
20, 982.8452026481822, 506
19, 463.97451117577, 488
25, 1054.342480704356, 630
2, 39.71921703281019, 52
1, 19.854432225276106, 26
13, 376.7265907170404, 334
2, 39.760990397831, 52
6, 119.30987891842753, 156
11, 235.79843057309648, 284
6, 202.32488765157407, 152
5, 135.0791479833017, 128
9, 201.28879652820942, 232
22, 525.664753339257, 566
8, 217.02496190276247, 206
11, 272.6011906071053, 284
28, 1133.1999339960053, 714
4, 136.25488685161136, 102
56, 2832.512315412152, 1414
2, 39.38212283384875, 52
3, 59.240487027381825, 78
26, 1514.0146396206492, 654
6, 155.7914482739276, 154
6, 154.91647442174892, 154
5, 99.08966884271166, 130
1, 19.799604260543145, 26
1, 19.799604260543145, 26
1, 19.879804640862794, 26
2, 99.3541758034255, 50
3, 59.6831660715749, 78
35, 1652.539987453161, 884
2, 37.598684418867514, 52
3, 56.412534639134016, 78
8, 159.56285592303487, 208
32, 1532.8749532830523, 812
58, 3498.0543601750132, 1454
74, 4108.5932933587565, 1878
24, 809.5830594812055, 612
3, 56.388475570408865, 78
2, 37.598684418867514, 52
2, 32.0581867022066, 52
23, 853.373894185261, 584
23, 853.373894185261, 584
8, 129.01548395820447, 208
23, 708.4865136338865, 584
20, 515.7722899929216, 512
3, 112.6983568234218, 76
4, 75.40244296243235, 104
10, 244.00417619072806, 258
15, 338.60721774810503, 388
4, 75.20428036311209, 104
7, 187.51723306794668, 180
11, 318.8126547562189, 282
23, 1157.4874694933658, 578
45, 1632.8268778529334, 1142
20, 600.3519774053481, 512
9, 224.86485906660323, 232
6, 169.67790863894237, 154
13, 415.6777075322551, 332
13, 415.6777075322551, 332
6, 169.32908389433067, 154
6, 113.10956629578443, 156
3, 56.52362646447285, 78
1, 18.859169671534715, 26
4, 76.92319555527502, 104
12, 287.72273620225167, 310
12, 287.72273620225167, 310
1, 19.1770304982983, 26
1, 19.182067285120667, 26
26, 892.3030703235644, 662
11, 321.24684897209505, 282
9, 340.7906762046434, 228
12, 339.48800887644194, 308
5, 261.7255251544921, 124
21, 839.820638559242, 530
47, 1939.3756351845643, 1190
6, 167.3435793985845, 154
2, 37.42905404132822, 52
1, 75.76980267856396, 24
7, 131.75888969760678, 182
6, 169.72700909428698, 154
3, 112.91401599410649, 76
2, 37.639724582860055, 52
9, 282.7844211479714, 230
9, 282.7844211479714, 230
3, 112.87219415731103, 76
1, 75.05998174893908, 24
4, 75.10461155746626, 104
1, 18.887352894241435, 26
10, 245.3534312254041, 258
3, 56.20692035251361, 78
14, 714.5064654342674, 354
7, 131.15402983569606, 182
5, 94.25579241912449, 130
1, 18.800973159438673, 26
4, 75.09364977996712, 104
1, 18.863220274923336, 26
16, 586.4468260516823, 406
16, 477.5686959446833, 410
24, 745.1401936234596, 614
8, 152.4426027740786, 208
13, 368.9103860575737, 334
2, 38.78239256165988, 52
36, 1442.904767070226, 916
10, 304.4040487696415, 256
13, 419.6273386517827, 332
43, 1613.4663161781805, 1090
16, 475.8815127250718, 410
33, 1903.198250576284, 826
8, 154.4478043507426, 208
13, 363.35594157039327, 334
34, 1167.264616222663, 872
14, 382.7218598961274, 360
24, 805.1421120973137, 612
29, 1130.16934133403, 734
29, 1130.16934133403, 734
29, 1130.16934133403, 734
10, 246.11100656831132, 258
17, 606.7313875652497, 432
7, 133.26682321159024, 182
15, 514.1906820979286, 382
13, 416.1721429285288, 332
5, 95.39769958211885, 130
7, 132.67875252163535, 182
11, 437.72116305702997, 278
3, 57.42820288554448, 78
33, 1376.3346635634748, 832
4, 132.60463381634014, 102
5, 151.91307597312047, 128
43, 1958.9610916297188, 1090
43, 1958.9610916297188, 1090
3, 56.182516541432435, 78
18, 676.7981128137357, 456
18, 676.7981128137357, 456
37, 1431.8540047894255, 942
7, 187.4477112612649, 180
1, 18.67835282083747, 26
44, 1900.0633463794982, 1118
44, 1900.0633463794982, 1118
2, 37.601234634939665, 52
1, 18.912785209099706, 26
2, 37.826254870214655, 52
1, 18.833080803236157, 26
51, 2100.5597283032143, 1292
2, 37.812565422971495, 52
4, 75.5276364063884, 104
3, 113.10008479609802, 76
6, 170.00727370861804, 154
41, 1234.081350349444, 1050
4, 75.34936097371639, 104
5, 91.60787900462532, 130
4, 188.8970669438021, 100
7, 131.7480385098021, 182
10, 344.22505267048103, 254
42, 1251.5522493581898, 1074
11, 254.99162411592752, 284
18, 653.1564801284131, 456
9, 274.996973732221, 230
12, 712.2882618135666, 300
31, 1278.8303884719799, 786
5, 91.87137293118437, 130
6, 109.60084352549042, 156
7, 127.16058573336741, 182
2, 36.0941968865678, 52
4, 72.88166433669831, 104
7, 126.64691447775682, 182
27, 762.2928916739618, 692
39, 1849.1524362890245, 990
9, 162.3651690729032, 234
4, 125.94442857153973, 102
18, 595.0220588018366, 458
35, 1818.2611758027167, 890
35, 1818.2611758027167, 890
4, 74.30304991520485, 104
5, 142.8535244309076, 128
28, 898.4946411459706, 714
2, 37.15327389385625, 52
13, 353.1395708378329, 334
15, 430.82751533099866, 384
13, 349.076702593045, 334
30, 1471.5324667363386, 758
46, 2556.65550967524, 1152
1, 18.045666776994896, 26
12, 270.7901033851278, 310
12, 432.8730530314988, 304
39, 1409.5896500141841, 994
39, 1409.5896500141841, 994
39, 1409.5896500141841, 994
8, 196.65530904724426, 206
8, 250.44926833659272, 204
13, 232.3111185239129, 338
9, 268.5901782139665, 230
27, 862.6814390216194, 688
28, 883.7495757971001, 720
7, 287.16610013068504, 176
28, 825.5331185168318, 716
7, 233.2864119961343, 178
6, 161.44793262639513, 154
11, 357.2561046095819, 280
12, 590.2050669090189, 304
3, 55.57616298200361, 78
40, 1797.4628355949992, 1014
1, 18.536445974818527, 26
2, 36.9902896222874, 52
11, 258.3377819164136, 284
41, 1699.5587125346156, 1038
41, 1699.5587125346156, 1038
8, 253.8662841563746, 204
18, 662.5252354717604, 456
18, 547.177954849159, 460
8, 254.4370001042704, 204
8, 310.6707418509962, 202
5, 142.5272452319926, 128
6, 164.72845678957233, 154
3, 54.89056290048159, 78
10, 238.15637081332096, 258
12, 275.1520761043037, 310
18, 439.9021088071549, 464
31, 1228.3735764493722, 782
11, 369.12720046813826, 280
57, 3055.947867983075, 1434
57, 3055.947867983075, 1434
43, 2502.366416232053, 1076
38, 1888.9174067424055, 958
62, 2533.529874883213, 1568
8, 146.09364544216498, 208
7, 182.4247306067994, 180
5, 146.1637557550064, 128
1, 18.27845011370344, 26
2, 35.46655896396092, 52
18, 588.691616720256, 458
38, 1735.611477333215, 960
38, 1735.611477333215, 960
14, 353.92645694457053, 360
21, 583.8704699591307, 538
8, 141.14499505538035, 208
9, 212.92175957458133, 232
15, 427.2131552243318, 384
11, 196.15608114359765, 286
12, 372.6856088838316, 306
8, 201.19255024753045, 206
11, 310.43552712664535, 282
11, 310.43552712664535, 282
18, 584.5313669769376, 458
11, 301.0380513021953, 282
13, 337.17747222200285, 334
7, 236.2444304644561, 178
8, 139.38685727099528, 208
12, 367.5852192181764, 306
14, 450.22279911928445, 356
21, 732.043170930644, 538
20, 866.753423393656, 506
7, 127.69413738655435, 182
21, 600.7769114072267, 538
20, 696.8003855957377, 508
23, 960.274338532734, 584
2, 36.26875199397198, 52
29, 1347.9306894187457, 730
29, 1347.9306894187457, 730
27, 825.3413268122345, 690
15, 441.15687904664026, 384
7, 237.768825933456, 178
10, 344.8989487102576, 254
5, 85.05422443697978, 130
8, 187.6692892181403, 206
7, 182.44516333936622, 180
15, 488.26599852167425, 382
33, 1147.4586814069685, 838
16, 397.68348789788405, 412
23, 1021.5699993068915, 582
23, 1021.5699993068915, 582
2, 34.460155319783276, 52
4, 120.4801346662349, 102
6, 207.07966511829662, 152
6, 207.07966511829662, 152
8, 253.65244358694142, 204
10, 231.23275567121175, 258
10, 444.5315348527167, 250
9, 214.07217963385958, 232
9, 266.17470420424996, 230
5, 88.56687321484351, 130
32, 1211.753876698166, 814
8, 247.25482018739714, 204
9, 317.64976335298195, 228
10, 283.4352838967152, 256
32, 1892.3778570042532, 800
15, 421.6383469241013, 384
35, 1618.2504962257299, 884
35, 1618.2504962257299, 884
26, 875.596149864775, 666
25, 901.4276756271895, 632
18, 523.2189989034632, 460
10, 224.56859357990064, 258
7, 227.7347959796234, 178
10, 382.9073210279809, 252
8, 189.41465457868367, 206
24, 1034.2290227969072, 606
10, 223.3868557054966, 258
13, 326.05701469293797, 334
5, 137.61113476185773, 128
25, 737.8009746203878, 638
9, 258.0624333329339, 230
36, 1337.9275242586962, 908
36, 1337.9275242586962, 908
16, 542.4888979467831, 406
13, 335.94363895681664, 334
40, 2011.423337564327, 1008
40, 2011.423337564327, 1008
35, 1570.166177362324, 886
45, 1877.724134473772, 1134
26, 989.2279583967794, 662
8, 251.31722956360957, 204
45, 2263.847822430046, 1134
45, 2263.847822430046, 1134
30, 1442.367060346913, 758
28, 1365.17028138693, 708
23, 905.4029433665164, 586
36, 1464.0728482525758, 912
33, 1347.110810259684, 842
1, 18.50851841174212, 26
33, 1270.967133180728, 840
18, 658.6523022621502, 456
15, 605.1550404693043, 378
16, 627.7827118746401, 404
16, 627.7827118746401, 404
32, 1713.1660234392687, 810
1, 18.220409264836135, 26
16, 905.5376881504227, 400
1, 18.220409264836135, 26
25, 783.4752997343146, 638
7, 181.92634214221277, 180
9, 273.11950370915616, 230
9, 273.11950370915616, 230
26, 636.8688326815968, 670
9, 273.11950370915616, 230
38, 1849.2020051890215, 958
31, 1076.9961330882943, 788
39, 2406.9349677334726, 978
43, 2523.695873455958, 1074
25, 978.8064154659008, 638
16, 683.6789397511227, 408
51, 2206.0413682656294, 1288
51, 2206.0413682656294, 1288
64, 3064.8298419947773, 1616
6, 153.13000973724806, 154
6, 204.4970556359808, 152
9, 153.0933941845023, 234
6, 204.19687834616556, 152
6, 255.32662470362027, 150
12, 307.5315398205724, 308
3, 152.24851584939174, 74
8, 236.33483679126476, 204
8, 135.3011886970774, 208
13, 270.5276678972076, 336
13, 472.69274016910026, 334
5, 82.0410032418734, 130
10, 310.29689544553474, 254
31, 1144.0599127056594, 786
31, 1144.0599127056594, 786
38, 1166.40909209686, 966
8, 470.634745370139, 200
10, 220.6534916272257, 258
16, 474.357874069269, 408
5, 135.79201773289543, 128
12, 253.85155830994248, 310
19, 572.0531487538146, 484
4, 119.92490810115683, 102
6, 154.37978184083087, 154
5, 85.7989528788685, 130
13, 222.38083568987514, 338
5, 82.11469764487009, 130
57, 2428.7449225717137, 1440
57, 2428.7449225717137, 1440
34, 1786.573579995305, 858
34, 1786.573579995305, 858
7, 119.81753726035562, 182
8, 240.11013426256704, 204
10, 274.09090071903256, 256
8, 238.97066750680577, 204
7, 119.36486953475006, 182
5, 136.56494143948245, 128
9, 205.4152943886473, 232
6, 153.7428066296436, 154
8, 190.53319433823665, 206
7, 225.02450467852097, 178
16, 381.4015247534584, 412
6, 155.75608413972876, 154
7, 121.61820665217982, 182
10, 172.6071249595459, 260
1, 17.23627602011229, 26
9, 155.07692277527914, 234
9, 155.07692277527914, 234
8, 188.8155677402055, 206
8, 240.22278781997997, 204
11, 189.05910828944386, 286
5, 188.31693558546843, 126
10, 275.0713088365158, 256
8, 190.26540922068955, 206
20, 710.7302001913451, 512
9, 258.52944944940987, 230
7, 120.52305549687728, 182
5, 85.73612231654157, 130
6, 154.57057716860143, 154
10, 534.7317886372616, 252
20, 657.7860839160694, 508
13, 275.8203470483416, 336
32, 1116.9451162397952, 816
11, 290.91873687365637, 282
18, 515.8765283321248, 460
5, 136.85926954769585, 128
10, 273.94509579471156, 256
10, 221.91059540446432, 258
15, 410.0522866788964, 384
19, 785.5886854370581, 482
8, 238.60716885963433, 204
19, 885.2814566175531, 478
4, 68.03061043421538, 104
11, 390.970269787062, 278
11, 390.970269787062, 278
14, 339.7130770054749, 360
18, 526.5197258201314, 460
14, 400.59275446839536, 358
24, 898.8059022276672, 606
1, 66.04446457251173, 24
7, 176.5210391610814, 180
8, 246.9919515207269, 204
15, 473.9003292265569, 382
27, 735.4237148081378, 692
11, 300.47715514526965, 282
25, 1447.5065548240414, 624
11, 245.90386472079643, 284
7, 174.9734023399992, 180
15, 317.14150542427774, 388
12, 313.5092939105059, 308
29, 1030.5652171013357, 734
34, 958.0259958527255, 870
8, 249.17557429344734, 204
36, 1230.4911509243784, 920
5, 142.0625388619876, 128
8, 142.0632882383905, 208
9, 159.20753170821476, 234
14, 464.0215536598334, 356
15, 540.6085702142564, 380
15, 540.6085702142564, 380
48, 1946.1888199747477, 1214
1, 18.0015400112125, 26
13, 443.35936446632934, 330
52, 1778.9845683084218, 1326
39, 1724.394460847128, 988
42, 2032.4274728416292, 1056
44, 1572.71146311771, 1114
17, 589.9363188765474, 430
12, 253.56707622915306, 310
18, 505.57023896407014, 460
1, 67.73512155891689, 24
8, 237.46028003355875, 204
5, 135.4136122440322, 128
11, 236.8350411229447, 284
6, 152.85030211429228, 154
10, 271.1404743558074, 256
13, 272.24943595170197, 336
18, 357.4683665786722, 466
11, 238.76771715068952, 284
5, 135.8613305761688, 128
20, 752.1720295903255, 510
6, 256.8837955731022, 150
13, 376.66463911125334, 332
6, 154.53986662018116, 154
13, 427.74819569412944, 330
7, 366.0975521349279, 178
3, 99.67998415835473, 76
19, 465.121827207684, 488
1, 16.61115860486054, 26
1, 16.561767353987346, 26
5, 82.85825672006916, 130
4, 216.78867057785246, 98
1, 16.615482692450566, 26
15, 350.49080437255924, 386
27, 1004.2959835687221, 686
17, 637.0599944045707, 434
19, 568.932502781629, 484
10, 269.9923610702774, 256
5, 135.2401666112929, 128
17, 538.842902400132, 432
12, 353.35835739510253, 306
23, 936.3439455242639, 582
15, 456.28311750308694, 382
14, 287.46181529954305, 362
19, 577.0646148110822, 484
9, 203.14175940278017, 232
19, 569.1199481204287, 484
9, 408.5433614935364, 230
19, 520.5615649781621, 486
35, 1331.463743487567, 892
9, 196.2764242313343, 232
3, 99.25378088143097, 76
9, 252.68906009659477, 230
24, 1106.5149453573986, 602
1, 67.07460872009456, 24
34, 1021.0474195280045, 866
3, 101.36335155295232, 76
1, 16.895149927842326, 26
7, 169.4330034505894, 180
37, 1228.8457196029055, 944
17, 850.8766927992646, 426
15, 455.91292491857223, 382
5, 85.57176947227514, 130
28, 787.0730961383564, 716
11, 341.0660068687121, 280
11, 289.1324921387266, 282
7, 119.18979043174774, 182
10, 272.42259401969034, 256
16, 420.07354799987627, 410
30, 952.3054307347409, 762
22, 963.5204524831291, 554
14, 292.22896331544706, 362
28, 843.4122288859751, 714
9, 154.52230498830792, 234
35, 1543.6541087299338, 880
14, 707.3999399589308, 352
23, 649.9294881650899, 588
14, 748.3491790200861, 356
11, 293.3865028446418, 282
4, 120.92510518178364, 102
6, 103.4275632521089, 156
7, 223.61917057655344, 178
4, 68.72871314129921, 104
7, 172.46396421586525, 180
8, 189.75533446389704, 206
25, 688.4806026816199, 640
11, 398.4875532617975, 278
15, 365.17658664558724, 386
12, 259.27755217624974, 310
19, 536.4065672465894, 486
14, 402.01306101890174, 358
12, 261.3195176706963, 310
12, 421.3643830143749, 304
23, 819.2703898115531, 582
22, 651.760940306116, 562
20, 715.1867178106188, 506
34, 1491.7263344225057, 862
15, 474.17977536721185, 382
10, 226.33215464374052, 258
23, 1027.330461405387, 580
36, 1207.6050836237707, 914
7, 170.3136385694066, 180
8, 187.33372981358292, 206
9, 254.75790110973892, 230
19, 582.1462989191317, 484
19, 582.1462989191317, 484
9, 203.7803800226699, 232
11, 237.75004673637417, 284
5, 84.7518524874694, 130
14, 341.7722711333434, 360
23, 704.1283652637939, 586
4, 67.84572879144757, 104
7, 221.74766159658017, 178
43, 1569.438908921148, 1092
3, 50.85128990716597, 78
4, 67.98463395902266, 104
18, 563.6325047449819, 458
8, 187.82260209868866, 206
5, 186.64968885799607, 126
27, 974.5343090383823, 688
12, 304.62524693390804, 308
15, 408.02081006464766, 384
9, 253.67937826032048, 230
25, 827.6270508871683, 640
6, 152.11238839050185, 154
3, 50.51342315674992, 78
15, 556.5608782813556, 378
3, 50.389499926442205, 78
20, 588.7436443257302, 510
19, 878.830378186478, 478
16, 526.1246657978616, 406
7, 219.61629132670552, 178
17, 490.2310883705068, 434
24, 909.793969721043, 610
17, 388.68555550085324, 438
34, 1036.1093441165674, 866
34, 1036.1093441165674, 866
4, 118.6087307820585, 102
4, 67.91749543690254, 104
3, 101.71482273148115, 76
4, 68.0460810919141, 104
7, 220.41658137269513, 178
11, 289.43022197489375, 282
11, 238.59736702238013, 284
2, 84.75136248494455, 50
7, 118.7053183092509, 182
5, 135.90379697365682, 128
2, 33.904212487576906, 52
7, 118.87335343623042, 182
12, 340.0316614591528, 306
5, 80.8636828611214, 130
12, 243.5354191262946, 310
12, 291.9643951482046, 308
12, 339.02473471113416, 306
21, 781.3509410727207, 534
23, 472.1845808191117, 594
5, 81.27881009634321, 130
2, 32.60363995337641, 52
3, 48.99978338590323, 78
5, 130.6736123220657, 128
35, 1352.1164946034817, 884
5, 177.71588882332682, 126
4, 113.97188663653048, 102
18, 630.8167212299294, 454
13, 308.7692991901825, 334
28, 903.2586107157925, 710
3, 48.48527757114952, 78
8, 129.02508020055063, 208
29, 964.5752227444545, 740
11, 327.647549496636, 280
1, 16.296134460009544, 26
11, 281.78044131948474, 282
9, 199.93565371295415, 232
24, 548.1029521386754, 618
4, 66.42319696060409, 104
6, 249.80486908135416, 150
14, 483.05507173886184, 354
2, 33.14542220024247, 52
14, 380.9474047285067, 358
16, 365.47759444181554, 412
1, 16.482385730059534, 26
1, 16.493606959239905, 26
28, 760.2827415381487, 716
28, 760.2827415381487, 716
19, 619.3106274988756, 482
20, 626.886721431541, 508
26, 777.0250146601633, 662
13, 312.0035744972381, 334
24, 647.671237656403, 614
9, 150.1670018665424, 234
2, 83.55277479213386, 50
7, 167.14062345593842, 180
10, 267.67046119547484, 256
5, 133.43995971418317, 128
1, 16.370307036758543, 26
34, 1380.9120988129084, 856
15, 391.1796571781718, 384
18, 534.2357854555135, 458
4, 65.24616208443332, 104
34, 1087.7111024800681, 862
47, 1507.83237791893, 1192
6, 97.14924078721731, 156
8, 178.31547258599016, 206
7, 161.90504187068882, 180
12, 351.8646039849212, 306
17, 432.1321115009237, 436
1, 16.455534133110437, 26
11, 379.2386595091258, 278
5, 83.04276384857673, 130
16, 517.621762437565, 406
16, 517.621762437565, 406
7, 166.42877573163042, 180
13, 311.6682720166926, 334
5, 81.83841320942169, 130
21, 589.5928990680296, 536
2, 83.32547263835134, 50
12, 201.06108930716147, 312
2, 33.38024641556993, 52
2, 33.182529800196235, 52
4, 66.34456097742992, 104
6, 99.98190852575992, 156
9, 301.76961646086556, 228
9, 301.76961646086556, 228
10, 167.45071285625994, 260
6, 149.98068906553945, 154
21, 707.7723711245211, 532
5, 133.90979457540138, 128
5, 133.50287292716092, 128
6, 100.21336623231285, 156
8, 133.65694547240724, 208
5, 83.6117663102199, 130
31, 824.3964603297865, 794
10, 217.92013031989262, 258
11, 235.0079137875303, 284
11, 235.0079137875303, 284
18, 641.7302649889994, 454
7, 165.28697972074906, 180
8, 182.13561256436287, 206
7, 165.46977181909853, 180
7, 214.62156710716016, 178
4, 66.14336151595317, 104
2, 33.007319018972915, 52
9, 197.79830718983843, 232
7, 116.01284468178518, 182
4, 115.56799280957802, 102
2, 31.666433965147064, 52
3, 143.1950338671315, 74
19, 537.8489503995361, 484
19, 537.8489503995361, 484
5, 82.73053100218877, 130
49, 1680.1095526354122, 1248
5, 82.92189441255944, 130
11, 328.98302543024636, 280
8, 180.10128199083235, 206
5, 179.69622035276578, 126
4, 115.18010656889024, 102
14, 328.48529030971054, 360
16, 461.6260495054147, 408
13, 315.65693987156095, 334
19, 668.5544469211586, 480
2, 83.11086387852306, 50
6, 198.68668757291388, 152
10, 265.62812394563093, 256
20, 604.0527457230567, 508
9, 282.45956961577764, 228
1, 15.65809370955655, 26
11, 360.2298494513146, 278
11, 360.2298494513146, 278
1, 15.721318101567014, 26
5, 125.82507364280895, 128
15, 375.0164630645298, 384
26, 832.2666651023025, 658
41, 1120.2040881710648, 1052
4, 66.70048580507542, 104
11, 281.4382344770945, 282
12, 300.09088974532426, 308
8, 229.40743115915598, 204
8, 229.40743115915598, 204
8, 229.40743115915598, 204
1, 16.359820443792145, 26
29, 1155.983173810832, 732
11, 229.86223017026597, 284
11, 229.86223017026597, 284
4, 65.62856815024504, 104
14, 481.895694900799, 354
14, 481.895694900799, 354
4, 66.52063976248576, 104
7, 116.78267136745788, 182
1, 66.64411373335055, 24
3, 49.83788469738269, 78
5, 133.09096591480474, 128
5, 82.83262365221319, 130
18, 496.198669181777, 460
19, 514.5949245218069, 486
30, 1565.6686311973938, 756
19, 718.7049306864379, 478
14, 532.8394215228744, 352
13, 264.73679822133005, 336
12, 300.7949303037799, 308
6, 100.27804204588134, 156
4, 66.74611108595352, 104
6, 100.60072765791816, 156
5, 133.90601007982977, 128
2, 33.39413554335488, 52
1, 16.60601289600629, 26
19, 665.0595819012179, 480
19, 621.1802656457669, 482
37, 1690.147565257197, 932
26, 1045.4526170652016, 658
23, 948.0898754799542, 582
14, 283.44597378296555, 362
23, 739.4938212758917, 584
3, 99.89120358465938, 76
12, 601.6477385603304, 302
21, 646.8424980066887, 534
4, 115.22483355363713, 102
9, 246.9432590125015, 230
6, 148.0664026171053, 154
15, 395.5931108911365, 384
27, 884.4715041900525, 684
4, 65.59099576181441, 104
17, 429.9111744087092, 436
13, 263.1099330115299, 336
19, 460.6000336534092, 488
25, 558.139345687571, 644
4, 66.3124835387329, 104
26, 1263.8755816438584, 654
35, 1673.3504318169767, 876
21, 434.55776006741354, 542
21, 777.6697951866454, 534
21, 671.4837218407382, 532
7, 160.08914396697452, 180
23, 608.9118445436185, 588
44, 1519.1578919515343, 1116
44, 1519.1578919515343, 1116
44, 1519.1578919515343, 1116
6, 148.47727211319088, 154
15, 392.2568026135635, 384
24, 782.2899022468048, 608
22, 613.0842946054026, 562
8, 232.33184347164925, 204
2, 33.19944162307939, 52
1, 63.66595395692452, 24
18, 719.635301286185, 456
18, 719.635301286185, 456
18, 625.4709664471407, 454
4, 64.25765515507813, 104
9, 240.33852239876987, 230
2, 32.01776418560826, 52
3, 95.14071056821501, 76
3, 93.95457610617565, 76
28, 1252.2755070318756, 706
3, 47.23051225521852, 78
2, 33.611821455824206, 52
5, 79.19684420953921, 130
2, 33.611821455824206, 52
4, 110.45266333435882, 102
3, 95.0263973365176, 76
4, 63.33218561711104, 104
4, 67.20528317337526, 104
4, 67.1685114302221, 104
2, 33.62449442366865, 52
4, 66.88299617674073, 104
9, 148.9376246689682, 234
38, 1710.0103943944614, 962
10, 215.64322230762386, 258
9, 201.96649893151118, 232
3, 100.96655628666204, 76
5, 134.28253073455306, 128
17, 482.90612805480777, 434
30, 955.9133467023867, 768
14, 385.7125939316932, 358
11, 285.9149596596437, 282
14, 490.00016717072685, 360
18, 807.5659485446877, 448
8, 186.17774405718285, 206
34, 1439.0063476527405, 862
34, 1439.0063476527405, 862
2, 84.92211044996492, 50
31, 1335.6807910279942, 786
28, 981.4273831149125, 714
6, 99.90305580302076, 156
42, 1595.2941606831268, 1068
24, 949.6424559347466, 608
24, 949.6424559347466, 608
43, 1768.609719672939, 1090
4, 170.35233109405442, 100
43, 1665.2440794539987, 1094
15, 359.2136674284189, 386
35, 1378.1987395452304, 892
40, 1294.9004950264493, 1016
4, 119.6423110695359, 102
36, 1280.2638980759953, 916
10, 375.7980122835274, 252
6, 153.59024997457743, 154
6, 154.41364201421638, 154
23, 751.271675687483, 584
11, 239.9986806854699, 284
4, 68.3677283356741, 104
8, 187.18884960410452, 206
21, 1026.140902226609, 526
34, 1489.2269536737322, 854
19, 423.47190688038876, 490
14, 390.64564990488043, 358
9, 204.58557400759528, 232
6, 203.05597063657478, 152
4, 119.02861327615311, 102
33, 1273.9643651520212, 836
3, 100.64924383714207, 76
40, 1326.5474026082306, 1018
42, 1673.9443410070032, 1058
29, 1415.6633171230426, 728
17, 515.4893449686905, 432
25, 646.1385336691482, 640
44, 1394.4220024287233, 1116
9, 196.12136366362344, 232
7, 211.15384559816272, 178
30, 1169.2415168874477, 758
15, 293.6740923366321, 388
33, 1768.6165506441384, 832
21, 439.87633640984984, 542
8, 277.3316695183313, 202
1, 16.205768822338822, 26
31, 1274.0579458359323, 780
6, 96.35959235044993, 156
13, 264.6876772097444, 336
41, 1474.008706998347, 1040
30, 844.1050920531782, 766
28, 766.1355720526449, 716
23, 888.4555803464989, 584
15, 443.3512476294858, 382
27, 1103.9326096489342, 688
4, 67.07765753530767, 104
1, 16.773128410816206, 26
34, 1647.7504195583488, 856
9, 208.52848869130247, 232
9, 258.84114359003655, 230
6, 103.94961251054538, 156
30, 1369.550457233261, 760
34, 1479.405650768927, 862
7, 175.43461993008975, 180
38, 1491.4075949416285, 962
13, 382.3525662521398, 332
12, 835.770255804021, 300
55, 1536.5712838258385, 1408
8, 142.9787159473684, 208
39, 1606.390144395664, 992
39, 1606.390144395664, 992
1, 17.769608597723067, 26
13, 498.0863246643052, 334
24, 902.4001131546684, 612
1, 17.726126157739447, 26
31, 1395.0406943927846, 780
31, 1395.0406943927846, 780
31, 1395.0406943927846, 780
31, 1395.0406943927846, 780
31, 1395.0406943927846, 780
1, 67.15451528205418, 24
2, 35.38700622115049, 52
4, 70.33656133738496, 104
2, 87.84316643790102, 50
8, 141.21969456054242, 208
4, 70.42347397929174, 104
6, 212.42698145111487, 152
2, 88.05290755622721, 50
8, 194.1894263857779, 206
5, 141.1164019187805, 128
5, 141.6565063318083, 128
41, 1476.180199514734, 1044
41, 1476.180199514734, 1044
41, 1476.180199514734, 1044
8, 195.119753516186, 206
5, 142.0757957486607, 128
4, 124.53728338909232, 102
6, 106.94024169131202, 156
3, 107.08944026682775, 76
6, 159.49255937513308, 154
6, 157.1099815836338, 154
57, 2672.6913994894226, 1430
57, 2672.6913994894226, 1430
5, 84.07707718991861, 130
29, 1092.1508249905526, 732
25, 977.406256982772, 636
20, 723.8482161462276, 506
15, 585.3053108953823, 384
8, 292.09231473998085, 202
6, 205.83829470973967, 152
5, 85.8639774355127, 130
49, 1972.843275981662, 1236
49, 1972.843275981662, 1236
29, 1017.1239042082674, 740
43, 1844.2256100621237, 1088
43, 1844.2256100621237, 1088
43, 1844.2256100621237, 1088
9, 208.9462918427727, 232
9, 260.0685811189926, 230
6, 156.98091559915326, 154
3, 105.22544546900336, 76
3, 100.81388333986588, 76
39, 1900.401678489158, 982
51, 2138.6374069742337, 1298
36, 1453.7184379876078, 912
6, 100.94509818490258, 156
5, 84.1828226681798, 130
19, 569.0979570460604, 484
19, 569.0979570460604, 484
14, 385.296110815765, 358
28, 919.3722826500918, 710
30, 1094.986627404461, 762
4, 67.15274637622682, 104
23, 590.3915511633079, 590
6, 101.31678318365185, 156
6, 151.79858807233654, 154
12, 355.00489951602646, 306
15, 705.7982102684882, 378
17, 438.80138389211896, 436
12, 351.7640699745331, 306
6, 201.31624033560777, 152
7, 217.87868643842546, 178
8, 132.62806348568176, 208
8, 233.63669438349416, 204
7, 117.59252415215171, 182
8, 133.95640523600613, 208
48, 1502.4124740831103, 1220
5, 134.46115688378507, 128
4, 66.7950948529032, 104
5, 134.2883664988595, 128
5, 82.99338852701912, 130
6, 100.58837677099838, 156
39, 1115.3578298969305, 996
1, 66.34190436962412, 24
6, 99.7897870768616, 156
3, 100.90649191550354, 76
2, 133.68839529490174, 48
6, 150.10363639497, 154
9, 150.22889052975052, 234
38, 2063.0737900339986, 956
38, 2063.0737900339986, 956
7, 119.16036678713444, 182
3, 100.99368085604357, 76
6, 152.874888685533, 154
22, 828.5528832426303, 560
7, 118.92678689379403, 182
5, 84.86533800990944, 130
32, 1127.9702010385745, 814
35, 1423.9177331746644, 876
35, 1206.8969022214078, 890
4, 65.81174063636712, 104
5, 131.1321894203142, 128
5, 131.01377518829312, 128
13, 362.20949306898194, 332
1, 17.27795366673568, 26
16, 484.4962997975147, 408
1, 17.333248679641283, 26
13, 432.6116642478739, 330
13, 432.6116642478739, 330
15, 465.92226605862385, 382
4, 171.8099694648359, 100
8, 189.68063321765277, 206
16, 434.06538356395896, 410
16, 434.06538356395896, 410
9, 154.73030857534366, 234
7, 172.7506679838609, 180
6, 154.96461115712745, 154
5, 138.66486409166308, 128
2, 34.5566420139112, 52
4, 69.47524510967169, 104
7, 172.91183798211884, 180
18, 624.5533032476287, 456
18, 624.5533032476287, 456
31, 1254.8741412228221, 784
37, 1537.4755853023476, 940
1, 17.3584428772047, 26
40, 1378.9051013485473, 1020
28, 1361.838913094501, 706
5, 136.33743823301842, 128
47, 1621.6649149582663, 1190
47, 1621.6649149582663, 1190
47, 1621.6649149582663, 1190
4, 119.89031600563025, 102
4, 68.32074735829417, 104
3, 101.64319487831358, 76
37, 1144.4609580809752, 942
4, 68.12875565766409, 104
2, 135.74941996233073, 48
6, 102.73404991095079, 156
4, 119.81230392691721, 102
3, 102.21224441361369, 76
39, 1791.0548001486823, 982
39, 1791.0548001486823, 982
8, 135.83416177884885, 208
14, 238.1756150808194, 364
6, 102.25166026253073, 156
41, 1869.3142493448083, 1034
47, 1798.715864064379, 1190
23, 928.2817308615913, 584
28, 1125.8735649369828, 710
43, 1658.8660631675439, 1090
8, 194.5972660345327, 206
5, 141.59882497663804, 128
30, 1058.796891878011, 766
5, 88.19810450268959, 130
5, 141.83928056411514, 128
26, 866.9269952237419, 666
7, 173.4964660333725, 180
3, 51.894037245026006, 78
5, 138.36661419936308, 128
10, 277.67562336005716, 256
38, 1912.1947686402696, 958
38, 1912.1947686402696, 958
34, 1358.777874826703, 860
40, 1759.015989622278, 1012
1, 17.481256076085042, 26
6, 158.26246653916763, 154
24, 832.2259218084259, 608
24, 832.2259218084259, 608
24, 832.2259218084259, 608
14, 455.95356548976554, 356
4, 69.14026553437226, 104
2, 34.74382450073213, 52
13, 226.47631899007584, 338
10, 225.35368146971177, 258
6, 104.75204571306563, 156
19, 537.8004258850897, 486
38, 1401.6169413362243, 966
9, 208.79376199377225, 232
36, 2236.953674055061, 898
36, 2236.953674055061, 898
37, 1301.75231044573, 942
11, 238.79519150517717, 284
38, 1669.0978424969996, 954
29, 1311.5217044930876, 730
48, 2169.513309257439, 1216
6, 160.31805527640265, 154
6, 106.80531318381544, 156
25, 978.7848295326532, 630
1, 17.752038949869462, 26
15, 485.1119814879976, 382
3, 53.81487079172067, 78
6, 107.83082025485137, 156
20, 683.4434571784865, 508
26, 840.4035989301142, 662
24, 1027.0519337890198, 608
15, 489.1857734111412, 382
32, 904.9511893124989, 820
32, 904.9511893124989, 820
